00020;0.382246;0.077509;0.020447;0.018832;0.009781;0.008430;0.008351;0.007659;0.007235;0.007169;0.007143;0.006850;0.006792;0.006742;0.006604;0.006515;0.006416;0.006387;0.006258;0.006104;0.006040;0.005983;0.005855;0.005837;0.005792;0.005734;0.005687;0.005653;0.005560;0.005497;0.005464;0.005446;0.005353;0.005304;0.005264;0.005150;0.005109;0.005044;0.004952;0.004900;0.004885;0.004832;0.004772;0.004738;0.004664;0.004607;0.004560;0.004521;0.004507;0.004487;0.004420;0.004342;0.004289;0.004258;0.004234;0.004214;0.004180;0.004121;0.004049;0.004011;0.003975;0.003927;0.003892;0.003866;0.003803;0.003769;0.003729;0.003655;0.003627;0.003598;0.003548;0.003504;0.003486;0.003458;0.003428;0.003392;0.003357;0.003339;0.003303;0.003255;0.003194;0.003172;0.003095;0.003082;0.003051;0.003037;0.003024;0.002925;0.002878;0.002854;0.002826;0.002815;0.002770;0.002733;0.002711;0.002678;0.002645;0.002623;0.002588;0.002544;0.002511;0.002499;0.002465;0.002393;0.002343;0.002324;0.002303;0.002234;0.002195;0.002170;0.002130;0.002097;0.002067;0.002041;0.002002;0.001975;0.001929;0.001898;0.001884;0.001863;0.001800;0.001761;0.001743;0.001735;0.001705;0.001663;0.001640;0.001609;0.001577;0.001543;0.001498;0.001485;0.001451;0.001425;0.001388;0.001376;0.001357;0.001346;0.001261;0.001240;0.001231;0.001199;0.001173;0.001139;0.001096;0.001067;0.001029;0.001005;0.000984;0.000951;0.000932;0.000923;0.000868;0.000854;0.000827;0.000818;0.000815;0.000748;0.000712;0.000688;0.000681;0.000662;0.000639;0.000631;0.000610;0.000572;0.000541;0.000528;0.000517;0.000488;0.000477;0.000460;0.000441;0.000415;0.000405;0.000387;0.000367;0.000342;0.000315;0.000310;0.000301;0.000290;0.000247;0.000230;0.000213;0.000199;0.000194;0.000176;0.000145;0.000128;0.000115;0.000105;0.000088;0.000078;0.000065;0.000064;0.000043;0.000042;0.000023;0.000015
00030;0.396649;0.080042;0.021061;0.019290;0.009700;0.008122;0.007739;0.007124;0.006566;0.005995;0.005840;0.005753;0.005658;0.005578;0.005435;0.005388;0.005354;0.005281;0.005221;0.005193;0.005126;0.005028;0.004968;0.004910;0.004857;0.004833;0.004732;0.004680;0.004625;0.004571;0.004539;0.004486;0.004430;0.004362;0.004348;0.004285;0.004282;0.004231;0.004136;0.004114;0.004054;0.004002;0.003976;0.003953;0.003917;0.003854;0.003823;0.003784;0.003769;0.003711;0.003676;0.003624;0.003594;0.003560;0.003527;0.003509;0.003468;0.003448;0.003429;0.003426;0.003345;0.003320;0.003273;0.003223;0.003197;0.003091;0.003073;0.003045;0.003037;0.003003;0.002983;0.002952;0.002907;0.002876;0.002842;0.002797;0.002780;0.002733;0.002705;0.002690;0.002661;0.002634;0.002572;0.002537;0.002534;0.002510;0.002469;0.002457;0.002433;0.002402;0.002364;0.002334;0.002294;0.002283;0.002252;0.002229;0.002208;0.002182;0.002173;0.002120;0.002109;0.002062;0.002029;0.002014;0.001980;0.001936;0.001919;0.001903;0.001869;0.001831;0.001811;0.001794;0.001772;0.001705;0.001699;0.001686;0.001657;0.001638;0.001603;0.001600;0.001557;0.001520;0.001480;0.001478;0.001443;0.001421;0.001385;0.001369;0.001342;0.001297;0.001269;0.001247;0.001225;0.001212;0.001194;0.001160;0.001128;0.001102;0.001093;0.001049;0.001043;0.001024;0.001011;0.000975;0.000951;0.000935;0.000911;0.000884;0.000882;0.000863;0.000826;0.000808;0.000799;0.000743;0.000736;0.000716;0.000701;0.000650;0.000646;0.000618;0.000606;0.000576;0.000563;0.000542;0.000504;0.000495;0.000477;0.000467;0.000434;0.000413;0.000395;0.000393;0.000377;0.000368;0.000336;0.000315;0.000305;0.000299;0.000282;0.000257;0.000245;0.000237;0.000222;0.000204;0.000189;0.000176;0.000158;0.000141;0.000130;0.000114;0.000103;0.000096;0.000091;0.000078;0.000067;0.000055;0.000044;0.000026;0.000018;0.000001
00040;0.403142;0.081095;0.021330;0.019391;0.009785;0.008174;0.007756;0.006916;0.006187;0.005566;0.005315;0.005250;0.005110;0.005061;0.004959;0.004953;0.004917;0.004882;0.004787;0.004674;0.004607;0.004543;0.004459;0.004427;0.004412;0.004347;0.004306;0.004244;0.004202;0.004165;0.004153;0.004055;0.003991;0.003961;0.003879;0.003860;0.003814;0.003779;0.003767;0.003696;0.003647;0.003636;0.003603;0.003560;0.003505;0.003482;0.003469;0.003425;0.003399;0.003366;0.003311;0.003276;0.003235;0.003227;0.003170;0.003134;0.003124;0.003093;0.003036;0.003015;0.002954;0.002940;0.002885;0.002877;0.002867;0.002830;0.002828;0.002804;0.002758;0.002723;0.002698;0.002640;0.002622;0.002603;0.002543;0.002508;0.002491;0.002472;0.002464;0.002410;0.002384;0.002364;0.002312;0.002294;0.002273;0.002232;0.002230;0.002188;0.002183;0.002160;0.002141;0.002124;0.002099;0.002064;0.002047;0.002002;0.001986;0.001956;0.001906;0.001870;0.001846;0.001843;0.001806;0.001776;0.001769;0.001760;0.001715;0.001699;0.001681;0.001655;0.001634;0.001627;0.001583;0.001567;0.001550;0.001520;0.001502;0.001479;0.001461;0.001415;0.001393;0.001374;0.001348;0.001336;0.001293;0.001274;0.001255;0.001241;0.001213;0.001184;0.001164;0.001139;0.001124;0.001098;0.001072;0.001047;0.001046;0.001009;0.001000;0.000981;0.000962;0.000931;0.000928;0.000901;0.000872;0.000854;0.000843;0.000815;0.000798;0.000782;0.000764;0.000756;0.000728;0.000722;0.000703;0.000671;0.000657;0.000605;0.000599;0.000586;0.000583;0.000560;0.000547;0.000530;0.000510;0.000497;0.000469;0.000450;0.000439;0.000407;0.000396;0.000381;0.000371;0.000334;0.000333;0.000327;0.000290;0.000278;0.000264;0.000250;0.000242;0.000231;0.000219;0.000196;0.000184;0.000182;0.000161;0.000155;0.000136;0.000118;0.000098;0.000095;0.000086;0.000075;0.000057;0.000045;0.000026;0.000023;0.000017;0.000007
00050;0.407678;0.081911;0.021450;0.019440;0.009743;0.008252;0.007544;0.006818;0.005848;0.005326;0.004974;0.004819;0.004720;0.004643;0.004544;0.004498;0.004461;0.004386;0.004372;0.004310;0.004300;0.004215;0.004191;0.004162;0.004067;0.004034;0.003952;0.003863;0.003854;0.003809;0.003757;0.003716;0.003692;0.003667;0.003556;0.003545;0.003528;0.003516;0.003432;0.003414;0.003384;0.003344;0.003311;0.003250;0.003194;0.003181;0.003179;0.003168;0.003105;0.003091;0.003038;0.002992;0.002969;0.002951;0.002931;0.002909;0.002883;0.002837;0.002797;0.002786;0.002735;0.002714;0.002685;0.002655;0.002630;0.002602;0.002548;0.002523;0.002508;0.002468;0.002463;0.002450;0.002422;0.002390;0.002365;0.002358;0.002318;0.002295;0.002257;0.002245;0.002215;0.002191;0.002170;0.002144;0.002116;0.002099;0.002040;0.002029;0.002000;0.001960;0.001910;0.001888;0.001887;0.001869;0.001862;0.001825;0.001811;0.001791;0.001744;0.001726;0.001707;0.001689;0.001682;0.001654;0.001618;0.001608;0.001578;0.001533;0.001527;0.001504;0.001487;0.001464;0.001448;0.001432;0.001400;0.001377;0.001361;0.001348;0.001323;0.001308;0.001294;0.001283;0.001239;0.001234;0.001202;0.001180;0.001156;0.001140;0.001136;0.001097;0.001090;0.001070;0.001042;0.001025;0.001016;0.000977;0.000962;0.000959;0.000941;0.000908;0.000891;0.000865;0.000851;0.000829;0.000795;0.000785;0.000772;0.000759;0.000747;0.000723;0.000694;0.000691;0.000669;0.000636;0.000629;0.000606;0.000578;0.000575;0.000565;0.000537;0.000514;0.000508;0.000480;0.000465;0.000447;0.000443;0.000411;0.000404;0.000398;0.000386;0.000359;0.000357;0.000344;0.000335;0.000325;0.000313;0.000298;0.000275;0.000259;0.000247;0.000238;0.000226;0.000213;0.000200;0.000198;0.000164;0.000149;0.000137;0.000128;0.000116;0.000096;0.000090;0.000082;0.000074;0.000050;0.000037;0.000024;0.000017;0.000015;0.000002
00060;0.410964;0.082406;0.021587;0.019473;0.009833;0.008276;0.007506;0.006787;0.005763;0.005209;0.004722;0.004700;0.004432;0.004347;0.004297;0.004260;0.004117;0.004046;0.004002;0.003971;0.003957;0.003904;0.003881;0.003813;0.003775;0.003713;0.003688;0.003638;0.003627;0.003565;0.003494;0.003464;0.003434;0.003382;0.003342;0.003314;0.003298;0.003261;0.003238;0.003210;0.003195;0.003153;0.003077;0.003052;0.003030;0.003017;0.002981;0.002947;0.002938;0.002900;0.002855;0.002849;0.002817;0.002743;0.002724;0.002692;0.002656;0.002641;0.002612;0.002598;0.002581;0.002548;0.002508;0.002488;0.002467;0.002416;0.002402;0.002369;0.002318;0.002303;0.002297;0.002266;0.002265;0.002210;0.002175;0.002164;0.002145;0.002133;0.002121;0.002071;0.002033;0.002022;0.002017;0.001980;0.001971;0.001945;0.001908;0.001880;0.001851;0.001840;0.001815;0.001786;0.001767;0.001741;0.001710;0.001703;0.001673;0.001641;0.001636;0.001597;0.001579;0.001561;0.001546;0.001505;0.001484;0.001478;0.001463;0.001441;0.001422;0.001417;0.001394;0.001369;0.001347;0.001335;0.001308;0.001279;0.001277;0.001259;0.001223;0.001209;0.001197;0.001159;0.001155;0.001140;0.001123;0.001120;0.001093;0.001068;0.001056;0.001024;0.001022;0.001001;0.000986;0.000937;0.000927;0.000909;0.000888;0.000882;0.000866;0.000850;0.000832;0.000807;0.000799;0.000777;0.000745;0.000727;0.000727;0.000708;0.000697;0.000680;0.000671;0.000641;0.000627;0.000601;0.000593;0.000563;0.000525;0.000517;0.000503;0.000490;0.000487;0.000475;0.000458;0.000440;0.000424;0.000407;0.000394;0.000383;0.000376;0.000354;0.000337;0.000331;0.000320;0.000312;0.000291;0.000272;0.000267;0.000262;0.000251;0.000240;0.000237;0.000215;0.000206;0.000182;0.000168;0.000157;0.000140;0.000135;0.000129;0.000114;0.000094;0.000084;0.000076;0.000059;0.000051;0.000035;0.000025;0.000016;0.000002;0.000001
00070;0.413625;0.083051;0.021735;0.019574;0.009800;0.008311;0.007604;0.006666;0.005632;0.005095;0.004519;0.004428;0.004322;0.004092;0.004075;0.004021;0.003935;0.003916;0.003820;0.003733;0.003715;0.003671;0.003612;0.003562;0.003537;0.003497;0.003473;0.003379;0.003360;0.003328;0.003302;0.003292;0.003229;0.003181;0.003170;0.003112;0.003098;0.003083;0.003054;0.002995;0.002983;0.002973;0.002913;0.002889;0.002804;0.002787;0.002773;0.002746;0.002686;0.002684;0.002673;0.002666;0.002635;0.002591;0.002560;0.002549;0.002487;0.002468;0.002448;0.002432;0.002393;0.002386;0.002351;0.002322;0.002297;0.002279;0.002234;0.002225;0.002210;0.002185;0.002151;0.002134;0.002096;0.002075;0.002065;0.002053;0.002017;0.001995;0.001955;0.001942;0.001927;0.001923;0.001896;0.001863;0.001849;0.001846;0.001801;0.001794;0.001751;0.001742;0.001716;0.001696;0.001685;0.001656;0.001638;0.001629;0.001589;0.001559;0.001557;0.001525;0.001501;0.001464;0.001452;0.001445;0.001408;0.001377;0.001368;0.001358;0.001333;0.001322;0.001295;0.001288;0.001287;0.001235;0.001215;0.001205;0.001187;0.001171;0.001161;0.001150;0.001126;0.001108;0.001079;0.001071;0.001049;0.001034;0.001025;0.001015;0.000987;0.000968;0.000954;0.000934;0.000917;0.000895;0.000882;0.000874;0.000845;0.000824;0.000812;0.000807;0.000792;0.000769;0.000728;0.000723;0.000716;0.000704;0.000672;0.000657;0.000637;0.000625;0.000613;0.000598;0.000584;0.000579;0.000548;0.000530;0.000524;0.000515;0.000484;0.000471;0.000461;0.000442;0.000435;0.000419;0.000403;0.000385;0.000368;0.000356;0.000346;0.000331;0.000316;0.000311;0.000303;0.000289;0.000266;0.000258;0.000240;0.000235;0.000215;0.000205;0.000201;0.000183;0.000178;0.000159;0.000156;0.000145;0.000132;0.000127;0.000117;0.000098;0.000085;0.000073;0.000068;0.000050;0.000044;0.000040;0.000031;0.000027;0.000012;0.000001
00080;0.415861;0.083524;0.021876;0.019585;0.009809;0.008296;0.007620;0.006656;0.005613;0.005020;0.004459;0.004370;0.004148;0.004053;0.003842;0.003828;0.003723;0.003660;0.003621;0.003577;0.003556;0.003502;0.003454;0.003367;0.003354;0.003291;0.003243;0.003229;0.003183;0.003146;0.003121;0.003104;0.003061;0.003023;0.003015;0.002997;0.002914;0.002900;0.002896;0.002855;0.002800;0.002789;0.002758;0.002718;0.002695;0.002634;0.002622;0.002601;0.002579;0.002560;0.002518;0.002495;0.002471;0.002435;0.002411;0.002398;0.002369;0.002352;0.002320;0.002294;0.002253;0.002246;0.002226;0.002204;0.002153;0.002139;0.002137;0.002108;0.002096;0.002079;0.002044;0.002026;0.002015;0.001976;0.001951;0.001932;0.001921;0.001898;0.001877;0.001861;0.001839;0.001810;0.001804;0.001781;0.001773;0.001732;0.001717;0.001700;0.001683;0.001652;0.001647;0.001626;0.001596;0.001585;0.001569;0.001552;0.001517;0.001500;0.001454;0.001447;0.001432;0.001402;0.001393;0.001350;0.001326;0.001315;0.001306;0.001289;0.001271;0.001251;0.001243;0.001231;0.001210;0.001188;0.001179;0.001160;0.001150;0.001117;0.001103;0.001091;0.001074;0.001055;0.001041;0.001027;0.001003;0.000995;0.000972;0.000952;0.000944;0.000932;0.000895;0.000885;0.000870;0.000842;0.000838;0.000823;0.000801;0.000784;0.000759;0.000733;0.000732;0.000713;0.000711;0.000700;0.000685;0.000671;0.000658;0.000640;0.000626;0.000608;0.000608;0.000562;0.000557;0.000548;0.000521;0.000516;0.000496;0.000485;0.000467;0.000442;0.000427;0.000421;0.000413;0.000402;0.000393;0.000364;0.000359;0.000338;0.000329;0.000307;0.000301;0.000291;0.000274;0.000265;0.000258;0.000245;0.000234;0.000227;0.000209;0.000199;0.000193;0.000174;0.000164;0.000149;0.000142;0.000129;0.000112;0.000103;0.000099;0.000097;0.000082;0.000067;0.000062;0.000057;0.000051;0.000049;0.000035;0.000024;0.000017;0.000012
00090;0.417742;0.083868;0.021891;0.019648;0.009799;0.008320;0.007595;0.006655;0.005563;0.004966;0.004417;0.004210;0.004116;0.003902;0.003718;0.003661;0.003620;0.003536;0.003467;0.003435;0.003344;0.003289;0.003263;0.003232;0.003196;0.003150;0.003096;0.003036;0.003005;0.002983;0.002967;0.002890;0.002873;0.002847;0.002824;0.002790;0.002774;0.002756;0.002727;0.002678;0.002645;0.002635;0.002598;0.002575;0.002563;0.002520;0.002499;0.002473;0.002454;0.002422;0.002404;0.002360;0.002320;0.002304;0.002262;0.002252;0.002233;0.002218;0.002206;0.002194;0.002167;0.002135;0.002111;0.002106;0.002087;0.002067;0.002031;0.002014;0.001994;0.001966;0.001946;0.001926;0.001902;0.001874;0.001872;0.001834;0.001822;0.001804;0.001780;0.001779;0.001757;0.001745;0.001721;0.001695;0.001675;0.001647;0.001641;0.001602;0.001580;0.001558;0.001552;0.001525;0.001518;0.001467;0.001459;0.001443;0.001431;0.001417;0.001405;0.001389;0.001351;0.001344;0.001326;0.001301;0.001297;0.001277;0.001250;0.001219;0.001201;0.001189;0.001178;0.001162;0.001143;0.001131;0.001115;0.001104;0.001102;0.001074;0.001062;0.001052;0.001025;0.000999;0.000980;0.000967;0.000947;0.000933;0.000916;0.000897;0.000866;0.000858;0.000848;0.000843;0.000829;0.000824;0.000806;0.000792;0.000771;0.000759;0.000740;0.000737;0.000712;0.000688;0.000668;0.000659;0.000645;0.000638;0.000615;0.000615;0.000596;0.000588;0.000561;0.000548;0.000540;0.000526;0.000509;0.000497;0.000485;0.000452;0.000445;0.000436;0.000419;0.000402;0.000396;0.000379;0.000374;0.000359;0.000352;0.000334;0.000312;0.000291;0.000287;0.000276;0.000257;0.000250;0.000236;0.000229;0.000214;0.000204;0.000190;0.000181;0.000172;0.000162;0.000153;0.000151;0.000131;0.000119;0.000116;0.000114;0.000108;0.000089;0.000087;0.000063;0.000058;0.000054;0.000052;0.000036;0.000033;0.000017;0.000004;0.000001
00100;0.419380;0.084071;0.021867;0.019735;0.009831;0.008315;0.007595;0.006656;0.005501;0.004917;0.004429;0.004161;0.004036;0.003823;0.003584;0.003508;0.003448;0.003395;0.003330;0.003304;0.003209;0.003202;0.003179;0.003113;0.003072;0.002992;0.002984;0.002946;0.002905;0.002842;0.002789;0.002780;0.002758;0.002742;0.002709;0.002674;0.002653;0.002643;0.002595;0.002587;0.002562;0.002511;0.002483;0.002475;0.002459;0.002432;0.002420;0.002391;0.002371;0.002332;0.002320;0.002271;0.002249;0.002235;0.002210;0.002192;0.002173;0.002132;0.002113;0.002105;0.002075;0.002051;0.002043;0.002026;0.002012;0.001995;0.001985;0.001951;0.001912;0.001896;0.001879;0.001872;0.001824;0.001798;0.001788;0.001761;0.001745;0.001731;0.001714;0.001695;0.001671;0.001644;0.001640;0.001627;0.001600;0.001580;0.001570;0.001536;0.001527;0.001517;0.001494;0.001449;0.001438;0.001426;0.001414;0.001404;0.001377;0.001367;0.001346;0.001338;0.001326;0.001306;0.001303;0.001284;0.001245;0.001240;0.001216;0.001193;0.001177;0.001164;0.001142;0.001125;0.001121;0.001099;0.001086;0.001068;0.001053;0.001035;0.001023;0.001010;0.000972;0.000960;0.000945;0.000939;0.000922;0.000912;0.000894;0.000878;0.000870;0.000847;0.000834;0.000815;0.000787;0.000781;0.000752;0.000749;0.000735;0.000726;0.000705;0.000687;0.000675;0.000661;0.000651;0.000642;0.000634;0.000608;0.000599;0.000579;0.000559;0.000535;0.000526;0.000520;0.000506;0.000492;0.000476;0.000469;0.000459;0.000436;0.000412;0.000408;0.000402;0.000381;0.000371;0.000365;0.000345;0.000331;0.000318;0.000311;0.000302;0.000294;0.000280;0.000265;0.000253;0.000245;0.000232;0.000211;0.000196;0.000190;0.000177;0.000167;0.000164;0.000149;0.000147;0.000132;0.000127;0.000123;0.000118;0.000108;0.000094;0.000088;0.000083;0.000071;0.000067;0.000052;0.000044;0.000041;0.000027;0.000018;0.000011;0.000000
00110;0.420758;0.084475;0.021865;0.019768;0.009798;0.008243;0.007516;0.006722;0.005455;0.004887;0.004419;0.004082;0.004011;0.003732;0.003483;0.003396;0.003306;0.003233;0.003202;0.003165;0.003112;0.003057;0.003008;0.002998;0.002932;0.002924;0.002855;0.002809;0.002787;0.002773;0.002724;0.002692;0.002674;0.002657;0.002633;0.002603;0.002589;0.002548;0.002516;0.002498;0.002470;0.002453;0.002386;0.002375;0.002351;0.002329;0.002318;0.002293;0.002243;0.002208;0.002191;0.002185;0.002156;0.002135;0.002129;0.002091;0.002065;0.002055;0.002047;0.002010;0.001986;0.001962;0.001948;0.001931;0.001911;0.001890;0.001878;0.001851;0.001838;0.001820;0.001782;0.001780;0.001746;0.001743;0.001711;0.001701;0.001696;0.001659;0.001638;0.001626;0.001609;0.001582;0.001574;0.001562;0.001517;0.001505;0.001499;0.001469;0.001456;0.001436;0.001404;0.001400;0.001381;0.001364;0.001345;0.001342;0.001317;0.001305;0.001281;0.001278;0.001266;0.001242;0.001230;0.001212;0.001208;0.001183;0.001163;0.001142;0.001132;0.001115;0.001113;0.001089;0.001087;0.001059;0.001056;0.001029;0.001020;0.001003;0.000988;0.000960;0.000955;0.000930;0.000919;0.000914;0.000890;0.000876;0.000866;0.000855;0.000822;0.000816;0.000803;0.000791;0.000779;0.000760;0.000749;0.000743;0.000726;0.000720;0.000711;0.000685;0.000670;0.000656;0.000631;0.000609;0.000598;0.000592;0.000582;0.000566;0.000558;0.000549;0.000528;0.000502;0.000487;0.000478;0.000471;0.000467;0.000434;0.000428;0.000399;0.000388;0.000378;0.000374;0.000361;0.000352;0.000349;0.000332;0.000324;0.000290;0.000283;0.000272;0.000268;0.000257;0.000256;0.000236;0.000218;0.000208;0.000200;0.000190;0.000174;0.000166;0.000151;0.000146;0.000136;0.000133;0.000130;0.000124;0.000117;0.000114;0.000096;0.000092;0.000081;0.000066;0.000055;0.000047;0.000036;0.000031;0.000026;0.000023;0.000014;0.000007
00120;0.422409;0.084853;0.021904;0.019824;0.009819;0.008192;0.007537;0.006682;0.005380;0.004815;0.004399;0.004003;0.003881;0.003631;0.003374;0.003262;0.003158;0.003104;0.002999;0.002954;0.002927;0.002880;0.002825;0.002814;0.002777;0.002718;0.002704;0.002680;0.002650;0.002636;0.002564;0.002527;0.002508;0.002491;0.002465;0.002435;0.002431;0.002387;0.002372;0.002303;0.002285;0.002282;0.002254;0.002239;0.002236;0.002206;0.002188;0.002170;0.002137;0.002120;0.002083;0.002042;0.002016;0.001999;0.001974;0.001958;0.001949;0.001928;0.001910;0.001888;0.001870;0.001843;0.001838;0.001820;0.001797;0.001785;0.001750;0.001739;0.001717;0.001713;0.001689;0.001659;0.001627;0.001619;0.001615;0.001605;0.001583;0.001571;0.001534;0.001524;0.001492;0.001492;0.001480;0.001475;0.001441;0.001436;0.001415;0.001386;0.001362;0.001359;0.001343;0.001328;0.001310;0.001307;0.001279;0.001269;0.001249;0.001233;0.001224;0.001211;0.001190;0.001183;0.001170;0.001148;0.001139;0.001120;0.001115;0.001083;0.001060;0.001047;0.001035;0.001013;0.001001;0.000995;0.000983;0.000962;0.000947;0.000942;0.000922;0.000908;0.000892;0.000884;0.000853;0.000843;0.000835;0.000825;0.000813;0.000809;0.000795;0.000781;0.000769;0.000761;0.000739;0.000717;0.000708;0.000704;0.000685;0.000665;0.000640;0.000633;0.000621;0.000604;0.000593;0.000571;0.000565;0.000551;0.000535;0.000525;0.000517;0.000506;0.000504;0.000467;0.000457;0.000452;0.000439;0.000434;0.000419;0.000419;0.000391;0.000379;0.000371;0.000354;0.000343;0.000336;0.000319;0.000310;0.000304;0.000298;0.000284;0.000283;0.000272;0.000255;0.000238;0.000224;0.000209;0.000203;0.000197;0.000191;0.000172;0.000167;0.000160;0.000148;0.000139;0.000128;0.000118;0.000113;0.000098;0.000091;0.000085;0.000073;0.000071;0.000060;0.000048;0.000040;0.000034;0.000033;0.000025;0.000022;0.000008;0.000003
00130;0.423359;0.085052;0.021979;0.019859;0.009895;0.008180;0.007531;0.006664;0.005330;0.004771;0.004387;0.003972;0.003862;0.003610;0.003323;0.003200;0.003110;0.003022;0.002956;0.002897;0.002843;0.002811;0.002767;0.002729;0.002689;0.002676;0.002625;0.002600;0.002569;0.002530;0.002492;0.002461;0.002416;0.002405;0.002377;0.002360;0.002343;0.002305;0.002286;0.002253;0.002221;0.002211;0.002171;0.002146;0.002127;0.002112;0.002098;0.002087;0.002066;0.002038;0.002009;0.001973;0.001951;0.001934;0.001915;0.001890;0.001873;0.001859;0.001847;0.001841;0.001808;0.001800;0.001777;0.001762;0.001736;0.001730;0.001707;0.001685;0.001672;0.001663;0.001615;0.001609;0.001584;0.001576;0.001546;0.001545;0.001520;0.001508;0.001500;0.001474;0.001465;0.001456;0.001444;0.001420;0.001395;0.001376;0.001363;0.001355;0.001334;0.001314;0.001291;0.001287;0.001271;0.001255;0.001241;0.001233;0.001217;0.001212;0.001203;0.001170;0.001162;0.001157;0.001135;0.001112;0.001096;0.001092;0.001080;0.001070;0.001049;0.001047;0.001031;0.001007;0.000991;0.000972;0.000963;0.000931;0.000916;0.000913;0.000906;0.000898;0.000885;0.000850;0.000841;0.000829;0.000827;0.000811;0.000794;0.000775;0.000765;0.000740;0.000735;0.000722;0.000704;0.000696;0.000689;0.000687;0.000665;0.000651;0.000639;0.000623;0.000615;0.000591;0.000576;0.000561;0.000559;0.000540;0.000536;0.000514;0.000507;0.000504;0.000495;0.000469;0.000450;0.000424;0.000418;0.000413;0.000401;0.000390;0.000388;0.000375;0.000370;0.000354;0.000350;0.000326;0.000316;0.000302;0.000290;0.000285;0.000280;0.000262;0.000255;0.000247;0.000241;0.000226;0.000213;0.000203;0.000193;0.000185;0.000177;0.000165;0.000157;0.000148;0.000142;0.000122;0.000111;0.000103;0.000098;0.000090;0.000081;0.000071;0.000064;0.000053;0.000050;0.000037;0.000032;0.000030;0.000021;0.000012;0.000008;0.000003
00140;0.424225;0.085281;0.021985;0.019926;0.009924;0.008183;0.007461;0.006650;0.005305;0.004721;0.004340;0.003994;0.003823;0.003473;0.003244;0.003155;0.003006;0.002915;0.002861;0.002831;0.002789;0.002722;0.002673;0.002610;0.002589;0.002567;0.002517;0.002487;0.002456;0.002442;0.002405;0.002377;0.002344;0.002338;0.002296;0.002286;0.002246;0.002210;0.002203;0.002173;0.002146;0.002127;0.002111;0.002092;0.002083;0.002066;0.002045;0.002012;0.001997;0.001991;0.001958;0.001940;0.001907;0.001889;0.001867;0.001860;0.001846;0.001819;0.001772;0.001762;0.001748;0.001736;0.001725;0.001715;0.001686;0.001671;0.001651;0.001638;0.001620;0.001602;0.001594;0.001569;0.001560;0.001540;0.001517;0.001514;0.001496;0.001469;0.001464;0.001440;0.001408;0.001398;0.001390;0.001377;0.001359;0.001343;0.001325;0.001316;0.001297;0.001283;0.001279;0.001272;0.001257;0.001233;0.001218;0.001217;0.001197;0.001173;0.001152;0.001146;0.001138;0.001126;0.001106;0.001096;0.001088;0.001070;0.001045;0.001026;0.001022;0.001007;0.000977;0.000964;0.000960;0.000945;0.000937;0.000922;0.000919;0.000898;0.000890;0.000877;0.000855;0.000838;0.000809;0.000804;0.000784;0.000777;0.000762;0.000751;0.000749;0.000715;0.000705;0.000702;0.000696;0.000686;0.000666;0.000656;0.000640;0.000637;0.000612;0.000603;0.000588;0.000580;0.000560;0.000540;0.000525;0.000519;0.000503;0.000489;0.000482;0.000473;0.000456;0.000440;0.000432;0.000422;0.000407;0.000402;0.000394;0.000389;0.000384;0.000370;0.000355;0.000332;0.000328;0.000316;0.000311;0.000295;0.000285;0.000280;0.000267;0.000257;0.000244;0.000239;0.000228;0.000220;0.000212;0.000197;0.000182;0.000176;0.000170;0.000150;0.000147;0.000143;0.000139;0.000112;0.000109;0.000101;0.000092;0.000089;0.000078;0.000071;0.000067;0.000054;0.000049;0.000040;0.000036;0.000029;0.000024;0.000011;0.000005;0.000002
00150;0.424962;0.085464;0.022017;0.019954;0.009938;0.008161;0.007462;0.006640;0.005278;0.004687;0.004352;0.003997;0.003789;0.003500;0.003241;0.003125;0.002930;0.002883;0.002784;0.002748;0.002689;0.002661;0.002593;0.002566;0.002557;0.002518;0.002473;0.002457;0.002398;0.002374;0.002362;0.002313;0.002288;0.002272;0.002255;0.002223;0.002188;0.002167;0.002161;0.002108;0.002084;0.002079;0.002055;0.002027;0.002025;0.001994;0.001970;0.001943;0.001926;0.001917;0.001903;0.001886;0.001873;0.001847;0.001841;0.001816;0.001801;0.001783;0.001738;0.001736;0.001724;0.001701;0.001681;0.001671;0.001631;0.001616;0.001606;0.001582;0.001571;0.001550;0.001536;0.001526;0.001516;0.001502;0.001477;0.001449;0.001442;0.001434;0.001410;0.001394;0.001382;0.001364;0.001350;0.001344;0.001326;0.001306;0.001279;0.001275;0.001253;0.001253;0.001235;0.001225;0.001213;0.001199;0.001178;0.001173;0.001141;0.001138;0.001118;0.001112;0.001096;0.001072;0.001061;0.001047;0.001037;0.001016;0.001005;0.000990;0.000984;0.000970;0.000961;0.000951;0.000933;0.000923;0.000901;0.000891;0.000875;0.000852;0.000842;0.000824;0.000815;0.000809;0.000791;0.000778;0.000771;0.000748;0.000745;0.000724;0.000716;0.000710;0.000677;0.000672;0.000657;0.000652;0.000632;0.000626;0.000603;0.000598;0.000591;0.000580;0.000569;0.000558;0.000544;0.000533;0.000521;0.000494;0.000489;0.000476;0.000467;0.000449;0.000440;0.000428;0.000413;0.000405;0.000393;0.000385;0.000376;0.000365;0.000352;0.000340;0.000324;0.000320;0.000318;0.000305;0.000298;0.000287;0.000284;0.000265;0.000265;0.000255;0.000239;0.000227;0.000219;0.000211;0.000196;0.000192;0.000187;0.000171;0.000160;0.000155;0.000146;0.000143;0.000132;0.000124;0.000117;0.000109;0.000097;0.000087;0.000083;0.000071;0.000063;0.000060;0.000049;0.000042;0.000037;0.000032;0.000025;0.000014;0.000008;0.000007
00160;0.425742;0.085643;0.021994;0.019959;0.009937;0.008186;0.007454;0.006666;0.005263;0.004623;0.004331;0.003972;0.003747;0.003465;0.003234;0.003057;0.002863;0.002822;0.002739;0.002706;0.002666;0.002608;0.002562;0.002527;0.002507;0.002456;0.002409;0.002380;0.002337;0.002307;0.002302;0.002291;0.002267;0.002245;0.002224;0.002178;0.002152;0.002134;0.002105;0.002102;0.002083;0.002054;0.002021;0.001993;0.001957;0.001945;0.001936;0.001916;0.001897;0.001879;0.001855;0.001838;0.001836;0.001803;0.001797;0.001768;0.001757;0.001734;0.001694;0.001684;0.001668;0.001658;0.001637;0.001627;0.001605;0.001579;0.001572;0.001562;0.001530;0.001513;0.001503;0.001486;0.001469;0.001468;0.001436;0.001422;0.001396;0.001385;0.001356;0.001351;0.001339;0.001316;0.001312;0.001295;0.001280;0.001258;0.001249;0.001243;0.001232;0.001224;0.001191;0.001179;0.001173;0.001150;0.001147;0.001133;0.001118;0.001104;0.001081;0.001060;0.001051;0.001047;0.001036;0.001020;0.000997;0.000975;0.000974;0.000957;0.000957;0.000944;0.000932;0.000924;0.000909;0.000903;0.000890;0.000877;0.000868;0.000859;0.000839;0.000823;0.000815;0.000781;0.000779;0.000777;0.000752;0.000743;0.000705;0.000699;0.000694;0.000687;0.000670;0.000654;0.000648;0.000630;0.000626;0.000607;0.000595;0.000587;0.000578;0.000566;0.000562;0.000554;0.000536;0.000519;0.000510;0.000496;0.000483;0.000472;0.000464;0.000450;0.000447;0.000428;0.000417;0.000406;0.000402;0.000391;0.000373;0.000364;0.000354;0.000348;0.000329;0.000323;0.000314;0.000303;0.000296;0.000289;0.000288;0.000274;0.000258;0.000246;0.000243;0.000224;0.000213;0.000199;0.000186;0.000178;0.000170;0.000160;0.000157;0.000146;0.000138;0.000132;0.000130;0.000119;0.000113;0.000102;0.000088;0.000078;0.000071;0.000063;0.000054;0.000050;0.000043;0.000036;0.000034;0.000023;0.000020;0.000015;0.000004;0.000000
00170;0.426377;0.085721;0.022012;0.019926;0.009906;0.008183;0.007469;0.006638;0.005230;0.004589;0.004295;0.003950;0.003804;0.003454;0.003214;0.003008;0.002820;0.002811;0.002674;0.002653;0.002563;0.002534;0.002517;0.002469;0.002440;0.002381;0.002334;0.002326;0.002288;0.002259;0.002227;0.002223;0.002205;0.002186;0.002157;0.002117;0.002111;0.002086;0.002063;0.002046;0.002009;0.002001;0.001986;0.001959;0.001921;0.001910;0.001895;0.001865;0.001861;0.001844;0.001824;0.001802;0.001789;0.001754;0.001741;0.001717;0.001707;0.001690;0.001673;0.001656;0.001639;0.001634;0.001625;0.001614;0.001586;0.001564;0.001539;0.001502;0.001489;0.001485;0.001470;0.001450;0.001438;0.001403;0.001392;0.001386;0.001360;0.001340;0.001324;0.001320;0.001302;0.001293;0.001288;0.001269;0.001257;0.001245;0.001237;0.001222;0.001205;0.001194;0.001182;0.001176;0.001165;0.001139;0.001133;0.001108;0.001100;0.001086;0.001075;0.001066;0.001040;0.001035;0.001016;0.000993;0.000970;0.000964;0.000936;0.000928;0.000919;0.000909;0.000896;0.000892;0.000880;0.000856;0.000853;0.000852;0.000832;0.000819;0.000814;0.000794;0.000791;0.000770;0.000769;0.000742;0.000739;0.000713;0.000708;0.000701;0.000679;0.000665;0.000654;0.000636;0.000630;0.000622;0.000615;0.000598;0.000594;0.000573;0.000564;0.000557;0.000547;0.000538;0.000536;0.000520;0.000507;0.000489;0.000476;0.000467;0.000459;0.000445;0.000436;0.000427;0.000419;0.000408;0.000388;0.000382;0.000368;0.000363;0.000357;0.000340;0.000336;0.000326;0.000318;0.000301;0.000293;0.000289;0.000284;0.000267;0.000256;0.000244;0.000229;0.000223;0.000211;0.000198;0.000193;0.000177;0.000163;0.000162;0.000149;0.000146;0.000132;0.000126;0.000115;0.000107;0.000103;0.000100;0.000084;0.000075;0.000074;0.000060;0.000058;0.000053;0.000052;0.000033;0.000030;0.000025;0.000022;0.000019;0.000009;0.000003
00180;0.427323;0.085925;0.021991;0.019951;0.009902;0.008183;0.007509;0.006641;0.005202;0.004564;0.004280;0.003963;0.003740;0.003406;0.003147;0.002987;0.002788;0.002679;0.002664;0.002577;0.002515;0.002494;0.002437;0.002425;0.002375;0.002322;0.002281;0.002243;0.002225;0.002209;0.002180;0.002170;0.002123;0.002108;0.002098;0.002063;0.002037;0.002015;0.001988;0.001957;0.001928;0.001901;0.001885;0.001870;0.001867;0.001841;0.001823;0.001807;0.001785;0.001768;0.001760;0.001733;0.001718;0.001697;0.001696;0.001663;0.001649;0.001626;0.001622;0.001602;0.001577;0.001572;0.001564;0.001539;0.001531;0.001510;0.001491;0.001471;0.001449;0.001432;0.001426;0.001384;0.001380;0.001362;0.001345;0.001340;0.001321;0.001316;0.001309;0.001288;0.001280;0.001274;0.001239;0.001231;0.001222;0.001207;0.001189;0.001173;0.001156;0.001134;0.001128;0.001103;0.001100;0.001084;0.001078;0.001072;0.001040;0.001023;0.001012;0.001001;0.000991;0.000978;0.000962;0.000951;0.000939;0.000927;0.000911;0.000902;0.000893;0.000886;0.000873;0.000859;0.000853;0.000840;0.000831;0.000828;0.000813;0.000796;0.000782;0.000771;0.000761;0.000750;0.000735;0.000730;0.000709;0.000705;0.000694;0.000686;0.000672;0.000667;0.000656;0.000646;0.000628;0.000614;0.000612;0.000609;0.000589;0.000567;0.000560;0.000543;0.000532;0.000513;0.000501;0.000493;0.000480;0.000475;0.000471;0.000464;0.000454;0.000437;0.000417;0.000415;0.000408;0.000397;0.000383;0.000374;0.000364;0.000349;0.000330;0.000328;0.000316;0.000314;0.000297;0.000291;0.000281;0.000276;0.000263;0.000254;0.000243;0.000234;0.000224;0.000218;0.000211;0.000197;0.000192;0.000179;0.000164;0.000161;0.000150;0.000134;0.000130;0.000123;0.000113;0.000108;0.000100;0.000093;0.000082;0.000080;0.000075;0.000065;0.000059;0.000054;0.000048;0.000042;0.000034;0.000029;0.000020;0.000016;0.000011;0.000001
00190;0.428122;0.086125;0.022007;0.019943;0.009914;0.008146;0.007494;0.006678;0.005183;0.004532;0.004251;0.003924;0.003709;0.003407;0.003104;0.002946;0.002690;0.002651;0.002612;0.002522;0.002479;0.002446;0.002367;0.002340;0.002300;0.002253;0.002239;0.002189;0.002165;0.002156;0.002148;0.002099;0.002086;0.002049;0.002036;0.002020;0.001982;0.001979;0.001948;0.001916;0.001873;0.001859;0.001834;0.001820;0.001793;0.001783;0.001768;0.001761;0.001742;0.001712;0.001685;0.001671;0.001666;0.001644;0.001634;0.001621;0.001594;0.001580;0.001566;0.001544;0.001532;0.001505;0.001494;0.001481;0.001463;0.001449;0.001442;0.001416;0.001404;0.001395;0.001366;0.001352;0.001344;0.001337;0.001312;0.001302;0.001295;0.001278;0.001273;0.001260;0.001245;0.001231;0.001204;0.001186;0.001182;0.001166;0.001155;0.001148;0.001122;0.001112;0.001095;0.001079;0.001068;0.001048;0.001041;0.001030;0.001009;0.001008;0.000996;0.000971;0.000965;0.000959;0.000950;0.000934;0.000913;0.000900;0.000885;0.000879;0.000867;0.000861;0.000837;0.000832;0.000823;0.000815;0.000806;0.000794;0.000781;0.000772;0.000744;0.000738;0.000730;0.000720;0.000704;0.000691;0.000679;0.000674;0.000661;0.000653;0.000653;0.000638;0.000624;0.000619;0.000603;0.000595;0.000583;0.000565;0.000558;0.000556;0.000526;0.000524;0.000512;0.000504;0.000499;0.000473;0.000464;0.000464;0.000448;0.000435;0.000430;0.000426;0.000414;0.000407;0.000392;0.000380;0.000371;0.000368;0.000355;0.000342;0.000337;0.000329;0.000321;0.000317;0.000300;0.000297;0.000280;0.000276;0.000269;0.000258;0.000243;0.000228;0.000225;0.000219;0.000196;0.000185;0.000176;0.000167;0.000167;0.000156;0.000154;0.000146;0.000129;0.000118;0.000110;0.000106;0.000101;0.000098;0.000087;0.000086;0.000068;0.000062;0.000055;0.000048;0.000044;0.000035;0.000028;0.000026;0.000020;0.000014;0.000009;0.000001
00200;0.428602;0.086242;0.021994;0.019931;0.009870;0.008108;0.007513;0.006665;0.005155;0.004520;0.004263;0.003872;0.003676;0.003396;0.003106;0.002905;0.002641;0.002606;0.002541;0.002460;0.002431;0.002388;0.002338;0.002285;0.002253;0.002238;0.002181;0.002163;0.002149;0.002121;0.002101;0.002055;0.002042;0.001997;0.001987;0.001960;0.001936;0.001925;0.001909;0.001863;0.001841;0.001824;0.001820;0.001778;0.001748;0.001725;0.001715;0.001710;0.001694;0.001673;0.001656;0.001647;0.001621;0.001619;0.001608;0.001576;0.001571;0.001557;0.001531;0.001520;0.001501;0.001494;0.001476;0.001442;0.001432;0.001423;0.001391;0.001390;0.001376;0.001348;0.001334;0.001323;0.001315;0.001305;0.001285;0.001262;0.001253;0.001248;0.001237;0.001216;0.001205;0.001195;0.001190;0.001171;0.001164;0.001148;0.001121;0.001115;0.001110;0.001097;0.001086;0.001054;0.001030;0.001023;0.001018;0.000998;0.000980;0.000971;0.000968;0.000949;0.000944;0.000935;0.000916;0.000905;0.000885;0.000879;0.000864;0.000861;0.000851;0.000841;0.000827;0.000815;0.000794;0.000790;0.000781;0.000769;0.000755;0.000746;0.000739;0.000734;0.000708;0.000703;0.000694;0.000682;0.000671;0.000660;0.000657;0.000643;0.000631;0.000621;0.000610;0.000601;0.000587;0.000582;0.000559;0.000549;0.000544;0.000535;0.000519;0.000508;0.000500;0.000486;0.000479;0.000471;0.000463;0.000447;0.000434;0.000429;0.000416;0.000403;0.000394;0.000390;0.000381;0.000370;0.000362;0.000358;0.000351;0.000341;0.000330;0.000308;0.000305;0.000298;0.000293;0.000282;0.000263;0.000261;0.000257;0.000249;0.000241;0.000235;0.000215;0.000200;0.000192;0.000184;0.000176;0.000164;0.000162;0.000158;0.000152;0.000137;0.000127;0.000122;0.000112;0.000108;0.000095;0.000092;0.000087;0.000076;0.000065;0.000060;0.000058;0.000048;0.000046;0.000039;0.000036;0.000027;0.000024;0.000015;0.000004;0.000002
00210;0.428981;0.086307;0.022017;0.019931;0.009876;0.008110;0.007488;0.006652;0.005124;0.004506;0.004229;0.003824;0.003660;0.003398;0.003078;0.002872;0.002604;0.002558;0.002511;0.002433;0.002403;0.002375;0.002295;0.002241;0.002220;0.002210;0.002160;0.002146;0.002121;0.002098;0.002045;0.002007;0.001986;0.001965;0.001941;0.001933;0.001915;0.001889;0.001864;0.001836;0.001823;0.001790;0.001767;0.001760;0.001734;0.001717;0.001696;0.001688;0.001670;0.001662;0.001638;0.001635;0.001614;0.001600;0.001584;0.001569;0.001553;0.001541;0.001528;0.001482;0.001481;0.001456;0.001434;0.001425;0.001404;0.001392;0.001384;0.001346;0.001341;0.001332;0.001305;0.001298;0.001291;0.001284;0.001265;0.001247;0.001231;0.001224;0.001209;0.001206;0.001187;0.001176;0.001152;0.001146;0.001127;0.001120;0.001105;0.001092;0.001071;0.001064;0.001051;0.001039;0.001035;0.001014;0.000990;0.000984;0.000968;0.000956;0.000947;0.000944;0.000935;0.000920;0.000896;0.000888;0.000870;0.000868;0.000856;0.000838;0.000826;0.000818;0.000806;0.000794;0.000790;0.000784;0.000764;0.000757;0.000744;0.000732;0.000725;0.000711;0.000703;0.000699;0.000679;0.000676;0.000659;0.000651;0.000634;0.000628;0.000610;0.000593;0.000586;0.000580;0.000571;0.000569;0.000560;0.000546;0.000534;0.000517;0.000511;0.000499;0.000486;0.000482;0.000478;0.000468;0.000445;0.000444;0.000433;0.000417;0.000399;0.000398;0.000394;0.000386;0.000370;0.000364;0.000362;0.000347;0.000333;0.000328;0.000318;0.000310;0.000295;0.000291;0.000275;0.000266;0.000255;0.000249;0.000248;0.000240;0.000234;0.000220;0.000217;0.000201;0.000196;0.000191;0.000179;0.000171;0.000154;0.000146;0.000140;0.000129;0.000125;0.000123;0.000108;0.000106;0.000093;0.000089;0.000083;0.000077;0.000077;0.000067;0.000059;0.000048;0.000044;0.000039;0.000038;0.000036;0.000022;0.000016;0.000008;0.000006
00220;0.429327;0.086381;0.022038;0.019940;0.009871;0.008107;0.007491;0.006614;0.005109;0.004495;0.004215;0.003807;0.003638;0.003359;0.003065;0.002830;0.002588;0.002529;0.002476;0.002418;0.002366;0.002345;0.002244;0.002223;0.002195;0.002139;0.002117;0.002079;0.002062;0.002040;0.001987;0.001969;0.001952;0.001933;0.001919;0.001905;0.001881;0.001856;0.001839;0.001800;0.001777;0.001773;0.001758;0.001732;0.001722;0.001712;0.001674;0.001664;0.001650;0.001630;0.001610;0.001595;0.001593;0.001588;0.001565;0.001543;0.001539;0.001511;0.001484;0.001468;0.001462;0.001445;0.001431;0.001416;0.001383;0.001371;0.001356;0.001344;0.001314;0.001307;0.001297;0.001280;0.001261;0.001257;0.001239;0.001217;0.001214;0.001193;0.001184;0.001169;0.001162;0.001146;0.001135;0.001123;0.001108;0.001100;0.001080;0.001067;0.001057;0.001044;0.001028;0.001022;0.001007;0.001004;0.000987;0.000975;0.000970;0.000959;0.000954;0.000935;0.000929;0.000919;0.000911;0.000883;0.000881;0.000861;0.000851;0.000841;0.000833;0.000809;0.000800;0.000797;0.000789;0.000777;0.000763;0.000753;0.000746;0.000728;0.000711;0.000705;0.000694;0.000688;0.000683;0.000663;0.000640;0.000636;0.000631;0.000614;0.000594;0.000585;0.000578;0.000568;0.000564;0.000543;0.000542;0.000527;0.000520;0.000507;0.000498;0.000486;0.000475;0.000461;0.000453;0.000444;0.000439;0.000423;0.000415;0.000407;0.000400;0.000391;0.000378;0.000376;0.000368;0.000360;0.000345;0.000342;0.000317;0.000313;0.000306;0.000301;0.000294;0.000284;0.000278;0.000265;0.000261;0.000250;0.000229;0.000225;0.000216;0.000209;0.000201;0.000193;0.000188;0.000180;0.000164;0.000159;0.000154;0.000149;0.000140;0.000138;0.000125;0.000117;0.000109;0.000102;0.000096;0.000084;0.000077;0.000074;0.000064;0.000062;0.000056;0.000044;0.000038;0.000033;0.000030;0.000027;0.000024;0.000018;0.000011;0.000002
00230;0.429632;0.086448;0.022043;0.019934;0.009880;0.008109;0.007503;0.006597;0.005077;0.004466;0.004202;0.003792;0.003617;0.003346;0.003045;0.002807;0.002572;0.002484;0.002427;0.002359;0.002329;0.002284;0.002205;0.002185;0.002148;0.002124;0.002082;0.002032;0.002026;0.002000;0.001951;0.001941;0.001925;0.001916;0.001907;0.001878;0.001847;0.001816;0.001795;0.001785;0.001737;0.001731;0.001711;0.001693;0.001685;0.001652;0.001644;0.001626;0.001607;0.001597;0.001584;0.001567;0.001554;0.001536;0.001522;0.001513;0.001495;0.001484;0.001460;0.001439;0.001414;0.001393;0.001388;0.001373;0.001361;0.001358;0.001337;0.001320;0.001309;0.001296;0.001277;0.001264;0.001256;0.001232;0.001220;0.001203;0.001183;0.001182;0.001169;0.001141;0.001128;0.001119;0.001117;0.001097;0.001090;0.001087;0.001067;0.001057;0.001046;0.001032;0.001023;0.001007;0.000998;0.000988;0.000967;0.000950;0.000943;0.000932;0.000918;0.000907;0.000894;0.000878;0.000873;0.000868;0.000853;0.000847;0.000824;0.000821;0.000807;0.000806;0.000790;0.000787;0.000770;0.000758;0.000738;0.000729;0.000725;0.000718;0.000695;0.000684;0.000680;0.000669;0.000654;0.000647;0.000629;0.000617;0.000613;0.000603;0.000593;0.000585;0.000576;0.000562;0.000553;0.000550;0.000524;0.000521;0.000506;0.000503;0.000494;0.000483;0.000474;0.000464;0.000454;0.000439;0.000433;0.000422;0.000416;0.000399;0.000388;0.000379;0.000371;0.000365;0.000358;0.000355;0.000343;0.000336;0.000318;0.000313;0.000304;0.000298;0.000288;0.000278;0.000261;0.000253;0.000238;0.000230;0.000229;0.000221;0.000208;0.000201;0.000191;0.000185;0.000179;0.000177;0.000162;0.000157;0.000151;0.000145;0.000130;0.000122;0.000117;0.000114;0.000109;0.000103;0.000092;0.000091;0.000088;0.000080;0.000073;0.000064;0.000062;0.000050;0.000048;0.000038;0.000026;0.000023;0.000015;0.000011;0.000009;0.000004
00240;0.429933;0.086528;0.022053;0.019946;0.009896;0.008101;0.007465;0.006603;0.005083;0.004453;0.004174;0.003772;0.003636;0.003312;0.003037;0.002780;0.002546;0.002457;0.002381;0.002338;0.002297;0.002248;0.002173;0.002156;0.002127;0.002081;0.002046;0.002029;0.002024;0.001981;0.001932;0.001928;0.001903;0.001890;0.001856;0.001837;0.001795;0.001776;0.001762;0.001745;0.001733;0.001712;0.001700;0.001680;0.001674;0.001642;0.001637;0.001611;0.001595;0.001579;0.001555;0.001545;0.001535;0.001526;0.001506;0.001496;0.001479;0.001451;0.001436;0.001406;0.001400;0.001384;0.001350;0.001337;0.001327;0.001312;0.001311;0.001281;0.001272;0.001266;0.001255;0.001247;0.001231;0.001202;0.001198;0.001181;0.001166;0.001153;0.001144;0.001123;0.001118;0.001113;0.001110;0.001101;0.001073;0.001067;0.001053;0.001029;0.001021;0.001011;0.001000;0.000987;0.000977;0.000972;0.000955;0.000950;0.000935;0.000918;0.000912;0.000910;0.000903;0.000890;0.000877;0.000855;0.000845;0.000834;0.000831;0.000813;0.000804;0.000784;0.000780;0.000772;0.000750;0.000736;0.000732;0.000725;0.000713;0.000699;0.000693;0.000673;0.000672;0.000661;0.000654;0.000637;0.000633;0.000620;0.000601;0.000592;0.000585;0.000573;0.000569;0.000558;0.000552;0.000539;0.000528;0.000521;0.000499;0.000493;0.000475;0.000470;0.000466;0.000459;0.000445;0.000443;0.000424;0.000421;0.000411;0.000400;0.000380;0.000370;0.000366;0.000357;0.000347;0.000333;0.000324;0.000320;0.000319;0.000306;0.000295;0.000288;0.000268;0.000266;0.000260;0.000252;0.000239;0.000231;0.000227;0.000215;0.000212;0.000199;0.000184;0.000173;0.000167;0.000162;0.000159;0.000149;0.000140;0.000137;0.000129;0.000126;0.000119;0.000113;0.000106;0.000102;0.000093;0.000081;0.000078;0.000075;0.000070;0.000063;0.000052;0.000050;0.000045;0.000034;0.000029;0.000024;0.000022;0.000018;0.000013;0.000006
00250;0.430255;0.086624;0.022044;0.019943;0.009920;0.008099;0.007472;0.006601;0.005094;0.004477;0.004177;0.003750;0.003601;0.003318;0.003062;0.002796;0.002545;0.002436;0.002365;0.002331;0.002301;0.002225;0.002143;0.002104;0.002083;0.002073;0.002015;0.001988;0.001981;0.001943;0.001924;0.001897;0.001859;0.001843;0.001833;0.001809;0.001781;0.001758;0.001720;0.001689;0.001683;0.001676;0.001663;0.001655;0.001619;0.001603;0.001594;0.001571;0.001558;0.001541;0.001524;0.001512;0.001503;0.001492;0.001469;0.001462;0.001453;0.001432;0.001411;0.001400;0.001378;0.001359;0.001357;0.001344;0.001301;0.001282;0.001278;0.001275;0.001266;0.001250;0.001242;0.001227;0.001213;0.001209;0.001169;0.001158;0.001142;0.001131;0.001125;0.001120;0.001110;0.001100;0.001070;0.001064;0.001062;0.001045;0.001013;0.001010;0.001007;0.000984;0.000982;0.000965;0.000958;0.000956;0.000942;0.000936;0.000920;0.000902;0.000900;0.000888;0.000876;0.000862;0.000856;0.000843;0.000822;0.000821;0.000810;0.000805;0.000790;0.000778;0.000769;0.000761;0.000753;0.000739;0.000724;0.000704;0.000698;0.000689;0.000682;0.000674;0.000667;0.000652;0.000651;0.000628;0.000618;0.000600;0.000589;0.000580;0.000571;0.000549;0.000544;0.000535;0.000530;0.000518;0.000513;0.000509;0.000495;0.000493;0.000481;0.000469;0.000464;0.000459;0.000450;0.000422;0.000416;0.000413;0.000398;0.000383;0.000380;0.000370;0.000358;0.000356;0.000351;0.000335;0.000325;0.000315;0.000307;0.000304;0.000293;0.000288;0.000279;0.000264;0.000258;0.000253;0.000242;0.000238;0.000227;0.000224;0.000213;0.000205;0.000187;0.000181;0.000171;0.000164;0.000161;0.000157;0.000143;0.000139;0.000129;0.000118;0.000110;0.000106;0.000100;0.000087;0.000084;0.000073;0.000067;0.000066;0.000062;0.000061;0.000053;0.000043;0.000039;0.000035;0.000030;0.000024;0.000017;0.000015;0.000006;0.000002
00260;0.430529;0.086685;0.022057;0.019929;0.009929;0.008116;0.007460;0.006619;0.005108;0.004489;0.004159;0.003736;0.003577;0.003310;0.003025;0.002763;0.002526;0.002408;0.002326;0.002306;0.002252;0.002192;0.002124;0.002094;0.002069;0.002039;0.001975;0.001960;0.001945;0.001896;0.001878;0.001872;0.001832;0.001822;0.001809;0.001788;0.001760;0.001722;0.001702;0.001674;0.001666;0.001656;0.001627;0.001610;0.001589;0.001581;0.001564;0.001546;0.001518;0.001515;0.001500;0.001485;0.001465;0.001454;0.001444;0.001427;0.001418;0.001409;0.001392;0.001375;0.001360;0.001354;0.001324;0.001308;0.001305;0.001288;0.001269;0.001248;0.001241;0.001223;0.001210;0.001205;0.001196;0.001179;0.001165;0.001145;0.001137;0.001108;0.001103;0.001095;0.001081;0.001066;0.001062;0.001059;0.001048;0.001033;0.001018;0.001003;0.000998;0.000992;0.000970;0.000951;0.000934;0.000929;0.000922;0.000912;0.000895;0.000892;0.000875;0.000862;0.000847;0.000840;0.000825;0.000824;0.000816;0.000799;0.000781;0.000776;0.000770;0.000763;0.000749;0.000737;0.000731;0.000721;0.000705;0.000699;0.000690;0.000679;0.000672;0.000658;0.000647;0.000635;0.000618;0.000615;0.000603;0.000595;0.000573;0.000570;0.000562;0.000556;0.000540;0.000533;0.000525;0.000517;0.000503;0.000493;0.000489;0.000479;0.000471;0.000462;0.000447;0.000444;0.000433;0.000422;0.000408;0.000396;0.000387;0.000383;0.000373;0.000359;0.000353;0.000352;0.000337;0.000336;0.000324;0.000313;0.000307;0.000299;0.000285;0.000273;0.000269;0.000264;0.000254;0.000246;0.000242;0.000235;0.000225;0.000218;0.000208;0.000202;0.000190;0.000178;0.000170;0.000168;0.000165;0.000158;0.000149;0.000141;0.000134;0.000126;0.000111;0.000104;0.000098;0.000090;0.000088;0.000082;0.000070;0.000069;0.000060;0.000055;0.000048;0.000043;0.000036;0.000033;0.000032;0.000027;0.000020;0.000010;0.000006;0.000001
00270;0.430846;0.086783;0.022068;0.019914;0.009930;0.008113;0.007466;0.006617;0.005093;0.004460;0.004154;0.003770;0.003562;0.003302;0.003050;0.002746;0.002524;0.002404;0.002309;0.002276;0.002228;0.002155;0.002082;0.002043;0.002038;0.001992;0.001965;0.001922;0.001881;0.001872;0.001864;0.001836;0.001812;0.001785;0.001771;0.001758;0.001715;0.001699;0.001670;0.001659;0.001639;0.001624;0.001605;0.001599;0.001571;0.001556;0.001521;0.001514;0.001508;0.001493;0.001487;0.001462;0.001449;0.001434;0.001425;0.001400;0.001381;0.001376;0.001360;0.001353;0.001332;0.001320;0.001294;0.001278;0.001266;0.001249;0.001241;0.001236;0.001223;0.001197;0.001192;0.001190;0.001166;0.001155;0.001149;0.001140;0.001114;0.001107;0.001102;0.001082;0.001077;0.001054;0.001043;0.001030;0.001011;0.001006;0.000996;0.000991;0.000982;0.000968;0.000960;0.000937;0.000925;0.000913;0.000901;0.000897;0.000882;0.000875;0.000868;0.000860;0.000853;0.000845;0.000816;0.000802;0.000801;0.000788;0.000778;0.000769;0.000758;0.000737;0.000729;0.000725;0.000718;0.000708;0.000698;0.000682;0.000674;0.000674;0.000652;0.000643;0.000639;0.000629;0.000624;0.000600;0.000587;0.000581;0.000574;0.000569;0.000557;0.000554;0.000539;0.000530;0.000523;0.000520;0.000508;0.000487;0.000484;0.000469;0.000459;0.000455;0.000445;0.000437;0.000429;0.000422;0.000414;0.000402;0.000381;0.000377;0.000371;0.000362;0.000352;0.000344;0.000336;0.000327;0.000322;0.000313;0.000304;0.000297;0.000290;0.000282;0.000278;0.000261;0.000255;0.000242;0.000235;0.000233;0.000224;0.000207;0.000203;0.000192;0.000176;0.000173;0.000170;0.000161;0.000157;0.000148;0.000142;0.000135;0.000130;0.000120;0.000113;0.000106;0.000099;0.000096;0.000089;0.000085;0.000078;0.000070;0.000067;0.000060;0.000058;0.000051;0.000043;0.000039;0.000030;0.000029;0.000017;0.000015;0.000005;0.000000
00280;0.431217;0.086838;0.022060;0.019919;0.009923;0.008109;0.007455;0.006594;0.005063;0.004455;0.004146;0.003745;0.003562;0.003302;0.003009;0.002740;0.002517;0.002408;0.002278;0.002238;0.002220;0.002114;0.002049;0.002028;0.001968;0.001941;0.001918;0.001877;0.001872;0.001838;0.001812;0.001786;0.001770;0.001729;0.001724;0.001696;0.001688;0.001667;0.001638;0.001613;0.001600;0.001584;0.001566;0.001555;0.001538;0.001536;0.001507;0.001493;0.001466;0.001455;0.001437;0.001425;0.001409;0.001393;0.001384;0.001367;0.001350;0.001336;0.001328;0.001305;0.001302;0.001295;0.001272;0.001266;0.001255;0.001240;0.001228;0.001217;0.001196;0.001187;0.001176;0.001160;0.001155;0.001135;0.001124;0.001113;0.001105;0.001090;0.001081;0.001061;0.001054;0.001041;0.001027;0.001019;0.001006;0.001000;0.000989;0.000976;0.000971;0.000947;0.000938;0.000924;0.000920;0.000903;0.000890;0.000875;0.000862;0.000855;0.000847;0.000841;0.000838;0.000823;0.000809;0.000801;0.000787;0.000775;0.000759;0.000749;0.000745;0.000738;0.000722;0.000713;0.000705;0.000697;0.000687;0.000675;0.000667;0.000650;0.000640;0.000636;0.000633;0.000623;0.000607;0.000602;0.000589;0.000585;0.000569;0.000558;0.000544;0.000536;0.000532;0.000518;0.000510;0.000498;0.000489;0.000485;0.000469;0.000453;0.000447;0.000442;0.000428;0.000421;0.000403;0.000397;0.000392;0.000384;0.000374;0.000373;0.000363;0.000361;0.000348;0.000328;0.000319;0.000310;0.000304;0.000294;0.000286;0.000280;0.000274;0.000271;0.000260;0.000249;0.000241;0.000236;0.000229;0.000219;0.000207;0.000204;0.000199;0.000190;0.000180;0.000178;0.000171;0.000158;0.000154;0.000150;0.000145;0.000133;0.000131;0.000118;0.000115;0.000111;0.000097;0.000093;0.000088;0.000079;0.000074;0.000069;0.000061;0.000058;0.000046;0.000039;0.000037;0.000034;0.000029;0.000022;0.000017;0.000011;0.000007;0.000000
00290;0.431470;0.086886;0.022040;0.019904;0.009962;0.008128;0.007405;0.006579;0.005048;0.004435;0.004156;0.003728;0.003559;0.003286;0.003003;0.002725;0.002487;0.002384;0.002269;0.002219;0.002202;0.002110;0.002027;0.001997;0.001939;0.001915;0.001899;0.001862;0.001843;0.001810;0.001782;0.001762;0.001748;0.001723;0.001707;0.001673;0.001661;0.001644;0.001630;0.001600;0.001580;0.001558;0.001548;0.001533;0.001511;0.001501;0.001472;0.001453;0.001443;0.001437;0.001420;0.001407;0.001390;0.001378;0.001371;0.001354;0.001344;0.001337;0.001322;0.001313;0.001280;0.001277;0.001270;0.001246;0.001222;0.001214;0.001197;0.001183;0.001155;0.001153;0.001140;0.001128;0.001127;0.001118;0.001102;0.001098;0.001088;0.001069;0.001056;0.001056;0.001039;0.001033;0.001019;0.001008;0.000990;0.000968;0.000959;0.000953;0.000945;0.000938;0.000921;0.000913;0.000898;0.000883;0.000875;0.000858;0.000852;0.000841;0.000838;0.000827;0.000817;0.000813;0.000790;0.000782;0.000778;0.000769;0.000754;0.000736;0.000732;0.000722;0.000715;0.000703;0.000697;0.000681;0.000668;0.000659;0.000651;0.000640;0.000635;0.000627;0.000609;0.000603;0.000593;0.000587;0.000580;0.000568;0.000552;0.000547;0.000543;0.000533;0.000523;0.000515;0.000510;0.000487;0.000474;0.000464;0.000456;0.000448;0.000445;0.000425;0.000419;0.000414;0.000411;0.000403;0.000392;0.000383;0.000371;0.000360;0.000352;0.000339;0.000334;0.000322;0.000309;0.000304;0.000300;0.000294;0.000290;0.000283;0.000275;0.000274;0.000261;0.000248;0.000238;0.000229;0.000226;0.000222;0.000217;0.000214;0.000200;0.000195;0.000184;0.000175;0.000171;0.000170;0.000152;0.000140;0.000135;0.000130;0.000126;0.000117;0.000116;0.000110;0.000104;0.000096;0.000090;0.000076;0.000076;0.000063;0.000057;0.000053;0.000048;0.000041;0.000035;0.000031;0.000026;0.000021;0.000014;0.000012;0.000010;0.000001
00300;0.431743;0.086973;0.022048;0.019916;0.009957;0.008113;0.007376;0.006573;0.005047;0.004424;0.004120;0.003725;0.003547;0.003255;0.003007;0.002710;0.002482;0.002383;0.002237;0.002194;0.002155;0.002119;0.002015;0.001965;0.001931;0.001893;0.001868;0.001839;0.001825;0.001795;0.001761;0.001735;0.001716;0.001704;0.001668;0.001664;0.001640;0.001608;0.001603;0.001590;0.001552;0.001535;0.001532;0.001520;0.001487;0.001482;0.001470;0.001438;0.001423;0.001398;0.001393;0.001389;0.001378;0.001371;0.001350;0.001327;0.001310;0.001300;0.001297;0.001291;0.001276;0.001258;0.001250;0.001231;0.001217;0.001213;0.001193;0.001183;0.001175;0.001156;0.001138;0.001119;0.001115;0.001107;0.001092;0.001085;0.001070;0.001065;0.001045;0.001037;0.001024;0.001004;0.000997;0.000989;0.000976;0.000957;0.000948;0.000942;0.000934;0.000918;0.000911;0.000907;0.000886;0.000867;0.000865;0.000849;0.000845;0.000824;0.000817;0.000812;0.000805;0.000791;0.000780;0.000773;0.000758;0.000746;0.000738;0.000731;0.000718;0.000712;0.000694;0.000685;0.000673;0.000663;0.000658;0.000652;0.000641;0.000630;0.000623;0.000616;0.000603;0.000597;0.000586;0.000582;0.000570;0.000558;0.000552;0.000540;0.000534;0.000525;0.000515;0.000501;0.000495;0.000487;0.000473;0.000465;0.000460;0.000450;0.000436;0.000432;0.000426;0.000411;0.000402;0.000397;0.000384;0.000371;0.000367;0.000359;0.000353;0.000339;0.000335;0.000328;0.000321;0.000312;0.000305;0.000286;0.000280;0.000274;0.000266;0.000256;0.000252;0.000247;0.000243;0.000233;0.000229;0.000215;0.000210;0.000199;0.000192;0.000181;0.000175;0.000167;0.000160;0.000154;0.000146;0.000142;0.000135;0.000128;0.000120;0.000112;0.000110;0.000108;0.000098;0.000085;0.000082;0.000073;0.000072;0.000066;0.000058;0.000054;0.000050;0.000043;0.000037;0.000029;0.000028;0.000020;0.000015;0.000014;0.000005;0.000001
00310;0.432006;0.087042;0.022056;0.019903;0.009941;0.008124;0.007380;0.006563;0.005033;0.004446;0.004098;0.003719;0.003547;0.003246;0.003016;0.002685;0.002486;0.002378;0.002215;0.002184;0.002126;0.002087;0.002012;0.001943;0.001920;0.001880;0.001854;0.001818;0.001803;0.001791;0.001725;0.001713;0.001710;0.001691;0.001672;0.001639;0.001612;0.001606;0.001597;0.001566;0.001552;0.001510;0.001496;0.001491;0.001484;0.001459;0.001443;0.001434;0.001429;0.001424;0.001401;0.001384;0.001358;0.001342;0.001326;0.001318;0.001297;0.001283;0.001275;0.001257;0.001242;0.001237;0.001228;0.001206;0.001201;0.001186;0.001170;0.001167;0.001159;0.001146;0.001135;0.001122;0.001104;0.001093;0.001087;0.001069;0.001053;0.001047;0.001039;0.001022;0.001005;0.000998;0.000982;0.000972;0.000957;0.000947;0.000940;0.000932;0.000921;0.000913;0.000907;0.000895;0.000879;0.000874;0.000861;0.000846;0.000844;0.000819;0.000813;0.000802;0.000792;0.000775;0.000763;0.000754;0.000748;0.000743;0.000730;0.000727;0.000718;0.000710;0.000692;0.000673;0.000671;0.000670;0.000655;0.000649;0.000644;0.000625;0.000622;0.000614;0.000608;0.000602;0.000582;0.000572;0.000568;0.000559;0.000551;0.000548;0.000534;0.000519;0.000510;0.000508;0.000498;0.000487;0.000471;0.000466;0.000462;0.000449;0.000437;0.000420;0.000409;0.000403;0.000396;0.000393;0.000391;0.000378;0.000373;0.000359;0.000351;0.000336;0.000326;0.000318;0.000311;0.000302;0.000290;0.000283;0.000279;0.000267;0.000259;0.000254;0.000246;0.000241;0.000233;0.000222;0.000215;0.000209;0.000201;0.000195;0.000179;0.000178;0.000173;0.000170;0.000159;0.000150;0.000146;0.000142;0.000134;0.000132;0.000120;0.000117;0.000110;0.000102;0.000092;0.000089;0.000083;0.000080;0.000075;0.000071;0.000066;0.000062;0.000052;0.000049;0.000043;0.000039;0.000031;0.000023;0.000022;0.000018;0.000004;0.000001
00320;0.432250;0.087087;0.022051;0.019900;0.009934;0.008128;0.007395;0.006557;0.005031;0.004426;0.004096;0.003719;0.003540;0.003227;0.003008;0.002678;0.002473;0.002361;0.002202;0.002152;0.002097;0.002063;0.001988;0.001923;0.001898;0.001868;0.001817;0.001808;0.001792;0.001760;0.001726;0.001709;0.001688;0.001663;0.001633;0.001606;0.001599;0.001586;0.001577;0.001555;0.001530;0.001522;0.001497;0.001477;0.001465;0.001446;0.001438;0.001417;0.001395;0.001389;0.001372;0.001360;0.001334;0.001327;0.001307;0.001296;0.001282;0.001274;0.001265;0.001254;0.001236;0.001214;0.001208;0.001194;0.001185;0.001170;0.001167;0.001152;0.001140;0.001118;0.001108;0.001102;0.001070;0.001054;0.001052;0.001048;0.001036;0.001030;0.001015;0.000998;0.000981;0.000979;0.000958;0.000949;0.000944;0.000937;0.000931;0.000918;0.000905;0.000900;0.000897;0.000880;0.000866;0.000861;0.000844;0.000831;0.000821;0.000807;0.000790;0.000784;0.000780;0.000765;0.000758;0.000743;0.000738;0.000726;0.000724;0.000716;0.000704;0.000690;0.000686;0.000685;0.000675;0.000660;0.000654;0.000641;0.000635;0.000631;0.000616;0.000608;0.000600;0.000583;0.000577;0.000570;0.000564;0.000553;0.000550;0.000535;0.000531;0.000515;0.000512;0.000497;0.000490;0.000486;0.000472;0.000466;0.000453;0.000445;0.000434;0.000432;0.000424;0.000411;0.000394;0.000385;0.000382;0.000375;0.000357;0.000340;0.000335;0.000332;0.000319;0.000316;0.000310;0.000308;0.000294;0.000285;0.000270;0.000261;0.000250;0.000245;0.000242;0.000236;0.000232;0.000223;0.000220;0.000208;0.000204;0.000195;0.000187;0.000179;0.000177;0.000172;0.000168;0.000162;0.000146;0.000142;0.000140;0.000132;0.000128;0.000112;0.000108;0.000105;0.000100;0.000089;0.000086;0.000078;0.000072;0.000070;0.000064;0.000057;0.000052;0.000045;0.000043;0.000035;0.000028;0.000023;0.000022;0.000014;0.000009;0.000001
00330;0.432446;0.087083;0.022058;0.019896;0.009953;0.008135;0.007425;0.006543;0.005026;0.004410;0.004078;0.003756;0.003565;0.003220;0.003001;0.002655;0.002446;0.002336;0.002186;0.002136;0.002084;0.002044;0.001966;0.001915;0.001905;0.001830;0.001819;0.001796;0.001765;0.001740;0.001720;0.001686;0.001663;0.001656;0.001621;0.001595;0.001586;0.001569;0.001565;0.001541;0.001513;0.001511;0.001483;0.001465;0.001448;0.001436;0.001408;0.001395;0.001382;0.001366;0.001351;0.001337;0.001329;0.001321;0.001286;0.001281;0.001274;0.001264;0.001250;0.001229;0.001214;0.001207;0.001196;0.001188;0.001178;0.001168;0.001140;0.001132;0.001121;0.001113;0.001094;0.001079;0.001055;0.001051;0.001045;0.001026;0.001016;0.001014;0.000998;0.000993;0.000983;0.000964;0.000954;0.000947;0.000938;0.000926;0.000913;0.000903;0.000897;0.000881;0.000873;0.000867;0.000859;0.000852;0.000841;0.000829;0.000814;0.000811;0.000794;0.000789;0.000783;0.000763;0.000758;0.000750;0.000731;0.000726;0.000707;0.000694;0.000688;0.000684;0.000684;0.000674;0.000666;0.000650;0.000644;0.000639;0.000627;0.000623;0.000610;0.000605;0.000593;0.000588;0.000559;0.000548;0.000545;0.000538;0.000534;0.000510;0.000508;0.000506;0.000494;0.000485;0.000480;0.000471;0.000464;0.000448;0.000441;0.000430;0.000427;0.000409;0.000403;0.000399;0.000389;0.000389;0.000377;0.000372;0.000356;0.000348;0.000343;0.000332;0.000322;0.000315;0.000295;0.000288;0.000284;0.000281;0.000269;0.000260;0.000252;0.000247;0.000237;0.000231;0.000224;0.000217;0.000214;0.000202;0.000199;0.000194;0.000186;0.000177;0.000173;0.000160;0.000157;0.000155;0.000150;0.000141;0.000136;0.000128;0.000122;0.000115;0.000112;0.000103;0.000094;0.000092;0.000084;0.000080;0.000075;0.000069;0.000060;0.000056;0.000052;0.000048;0.000039;0.000032;0.000029;0.000026;0.000021;0.000016;0.000009;0.000004
00340;0.432705;0.087153;0.022051;0.019876;0.009966;0.008144;0.007411;0.006536;0.005038;0.004408;0.004063;0.003729;0.003568;0.003226;0.002999;0.002648;0.002437;0.002336;0.002190;0.002122;0.002086;0.002057;0.001965;0.001905;0.001862;0.001806;0.001788;0.001773;0.001755;0.001732;0.001714;0.001689;0.001659;0.001625;0.001606;0.001588;0.001576;0.001565;0.001535;0.001529;0.001491;0.001490;0.001465;0.001444;0.001422;0.001415;0.001410;0.001386;0.001369;0.001362;0.001348;0.001336;0.001320;0.001308;0.001292;0.001281;0.001273;0.001251;0.001237;0.001230;0.001201;0.001193;0.001183;0.001171;0.001160;0.001150;0.001127;0.001104;0.001102;0.001085;0.001083;0.001069;0.001050;0.001047;0.001041;0.001034;0.000995;0.000994;0.000988;0.000977;0.000961;0.000954;0.000934;0.000923;0.000920;0.000902;0.000891;0.000885;0.000879;0.000875;0.000859;0.000854;0.000845;0.000830;0.000829;0.000820;0.000805;0.000799;0.000787;0.000779;0.000765;0.000761;0.000752;0.000738;0.000723;0.000721;0.000710;0.000699;0.000696;0.000689;0.000684;0.000667;0.000654;0.000642;0.000637;0.000624;0.000621;0.000611;0.000601;0.000587;0.000584;0.000570;0.000566;0.000543;0.000538;0.000529;0.000522;0.000509;0.000494;0.000487;0.000480;0.000474;0.000466;0.000458;0.000451;0.000443;0.000437;0.000428;0.000417;0.000404;0.000398;0.000390;0.000385;0.000377;0.000374;0.000365;0.000358;0.000338;0.000335;0.000325;0.000314;0.000311;0.000297;0.000291;0.000283;0.000278;0.000272;0.000266;0.000253;0.000247;0.000245;0.000236;0.000230;0.000222;0.000217;0.000203;0.000198;0.000192;0.000186;0.000179;0.000173;0.000164;0.000161;0.000157;0.000150;0.000140;0.000130;0.000128;0.000113;0.000105;0.000104;0.000101;0.000092;0.000087;0.000080;0.000076;0.000069;0.000065;0.000056;0.000053;0.000048;0.000034;0.000028;0.000028;0.000025;0.000017;0.000012;0.000010;0.000006;0.000001
00350;0.432926;0.087233;0.022037;0.019890;0.009970;0.008131;0.007411;0.006546;0.005019;0.004395;0.004056;0.003725;0.003564;0.003204;0.003017;0.002626;0.002433;0.002315;0.002177;0.002124;0.002060;0.002032;0.001921;0.001873;0.001834;0.001794;0.001779;0.001750;0.001735;0.001720;0.001701;0.001669;0.001653;0.001614;0.001599;0.001564;0.001545;0.001541;0.001524;0.001512;0.001473;0.001464;0.001436;0.001432;0.001416;0.001404;0.001388;0.001366;0.001356;0.001346;0.001315;0.001306;0.001298;0.001294;0.001279;0.001257;0.001242;0.001228;0.001215;0.001208;0.001197;0.001180;0.001157;0.001151;0.001139;0.001114;0.001092;0.001088;0.001075;0.001068;0.001063;0.001058;0.001036;0.001023;0.001012;0.001003;0.000997;0.000966;0.000963;0.000953;0.000944;0.000932;0.000927;0.000917;0.000908;0.000895;0.000890;0.000883;0.000862;0.000851;0.000848;0.000833;0.000825;0.000812;0.000807;0.000792;0.000787;0.000778;0.000767;0.000761;0.000749;0.000740;0.000733;0.000720;0.000714;0.000701;0.000695;0.000686;0.000683;0.000671;0.000664;0.000656;0.000647;0.000638;0.000632;0.000628;0.000614;0.000611;0.000596;0.000583;0.000571;0.000557;0.000551;0.000545;0.000533;0.000529;0.000523;0.000509;0.000503;0.000487;0.000478;0.000474;0.000463;0.000460;0.000447;0.000435;0.000434;0.000418;0.000409;0.000399;0.000394;0.000391;0.000381;0.000375;0.000364;0.000361;0.000354;0.000344;0.000331;0.000325;0.000320;0.000316;0.000305;0.000295;0.000285;0.000280;0.000265;0.000262;0.000246;0.000242;0.000236;0.000232;0.000226;0.000212;0.000204;0.000201;0.000194;0.000185;0.000184;0.000173;0.000170;0.000163;0.000145;0.000144;0.000138;0.000129;0.000127;0.000120;0.000115;0.000111;0.000103;0.000098;0.000091;0.000080;0.000077;0.000072;0.000064;0.000060;0.000055;0.000053;0.000040;0.000040;0.000037;0.000030;0.000028;0.000021;0.000016;0.000010;0.000006;0.000000
00360;0.433174;0.087269;0.022040;0.019894;0.009951;0.008126;0.007407;0.006550;0.005000;0.004386;0.004058;0.003732;0.003551;0.003220;0.003011;0.002610;0.002426;0.002284;0.002170;0.002116;0.002049;0.002022;0.001913;0.001837;0.001831;0.001769;0.001749;0.001718;0.001710;0.001700;0.001669;0.001626;0.001625;0.001578;0.001574;0.001558;0.001543;0.001522;0.001510;0.001477;0.001456;0.001439;0.001416;0.001412;0.001405;0.001375;0.001363;0.001348;0.001341;0.001328;0.001311;0.001296;0.001282;0.001257;0.001251;0.001238;0.001229;0.001197;0.001193;0.001173;0.001163;0.001157;0.001147;0.001129;0.001128;0.001111;0.001095;0.001074;0.001063;0.001060;0.001043;0.001033;0.001023;0.001006;0.000989;0.000986;0.000969;0.000967;0.000958;0.000938;0.000935;0.000932;0.000921;0.000911;0.000899;0.000886;0.000873;0.000858;0.000857;0.000835;0.000829;0.000817;0.000811;0.000804;0.000791;0.000789;0.000777;0.000771;0.000768;0.000759;0.000744;0.000737;0.000724;0.000721;0.000706;0.000698;0.000694;0.000681;0.000676;0.000665;0.000659;0.000643;0.000641;0.000627;0.000610;0.000602;0.000592;0.000583;0.000578;0.000569;0.000560;0.000556;0.000544;0.000533;0.000529;0.000520;0.000508;0.000495;0.000489;0.000473;0.000469;0.000462;0.000458;0.000447;0.000442;0.000428;0.000415;0.000408;0.000405;0.000397;0.000395;0.000389;0.000376;0.000367;0.000357;0.000352;0.000343;0.000340;0.000316;0.000315;0.000310;0.000298;0.000289;0.000283;0.000278;0.000274;0.000269;0.000257;0.000249;0.000238;0.000237;0.000215;0.000214;0.000212;0.000203;0.000197;0.000191;0.000187;0.000176;0.000172;0.000165;0.000154;0.000146;0.000140;0.000136;0.000127;0.000121;0.000117;0.000110;0.000102;0.000093;0.000089;0.000083;0.000082;0.000079;0.000076;0.000067;0.000062;0.000056;0.000050;0.000047;0.000043;0.000035;0.000028;0.000024;0.000018;0.000017;0.000010;0.000008;0.000003
00370;0.433332;0.087286;0.022040;0.019912;0.009970;0.008119;0.007401;0.006554;0.004978;0.004361;0.004053;0.003728;0.003541;0.003201;0.003016;0.002598;0.002394;0.002273;0.002154;0.002096;0.002033;0.001986;0.001904;0.001822;0.001807;0.001749;0.001707;0.001696;0.001679;0.001666;0.001646;0.001618;0.001607;0.001588;0.001559;0.001535;0.001529;0.001504;0.001487;0.001471;0.001454;0.001433;0.001411;0.001400;0.001390;0.001378;0.001363;0.001351;0.001330;0.001301;0.001273;0.001266;0.001255;0.001252;0.001233;0.001216;0.001212;0.001192;0.001182;0.001165;0.001150;0.001137;0.001130;0.001112;0.001106;0.001085;0.001072;0.001063;0.001049;0.001045;0.001031;0.001015;0.001011;0.001003;0.000987;0.000977;0.000965;0.000951;0.000937;0.000924;0.000918;0.000911;0.000903;0.000892;0.000874;0.000869;0.000863;0.000859;0.000848;0.000827;0.000822;0.000810;0.000804;0.000792;0.000778;0.000770;0.000764;0.000753;0.000748;0.000738;0.000729;0.000727;0.000721;0.000717;0.000699;0.000689;0.000682;0.000673;0.000653;0.000650;0.000642;0.000641;0.000633;0.000619;0.000608;0.000599;0.000594;0.000580;0.000576;0.000569;0.000553;0.000542;0.000527;0.000519;0.000514;0.000501;0.000494;0.000486;0.000481;0.000477;0.000463;0.000453;0.000446;0.000441;0.000425;0.000424;0.000414;0.000407;0.000394;0.000392;0.000383;0.000375;0.000362;0.000354;0.000349;0.000344;0.000332;0.000323;0.000317;0.000306;0.000301;0.000300;0.000289;0.000280;0.000269;0.000266;0.000258;0.000251;0.000249;0.000238;0.000235;0.000223;0.000214;0.000211;0.000206;0.000199;0.000190;0.000180;0.000174;0.000172;0.000165;0.000157;0.000153;0.000146;0.000140;0.000135;0.000129;0.000123;0.000120;0.000107;0.000102;0.000100;0.000093;0.000087;0.000083;0.000070;0.000067;0.000063;0.000056;0.000049;0.000047;0.000038;0.000032;0.000027;0.000021;0.000018;0.000016;0.000008;0.000004;0.000000
00380;0.433644;0.087327;0.022053;0.019939;0.009984;0.008115;0.007404;0.006537;0.004959;0.004347;0.004050;0.003722;0.003519;0.003196;0.003018;0.002572;0.002352;0.002269;0.002107;0.002093;0.002019;0.001917;0.001861;0.001797;0.001786;0.001716;0.001706;0.001692;0.001642;0.001632;0.001610;0.001589;0.001563;0.001554;0.001543;0.001520;0.001492;0.001486;0.001459;0.001430;0.001406;0.001401;0.001398;0.001368;0.001352;0.001339;0.001335;0.001305;0.001285;0.001279;0.001265;0.001254;0.001236;0.001227;0.001205;0.001203;0.001180;0.001166;0.001152;0.001139;0.001128;0.001112;0.001107;0.001090;0.001084;0.001064;0.001055;0.001048;0.001028;0.001019;0.001004;0.000998;0.000995;0.000984;0.000972;0.000963;0.000958;0.000945;0.000936;0.000932;0.000922;0.000889;0.000885;0.000873;0.000866;0.000863;0.000850;0.000839;0.000833;0.000828;0.000803;0.000797;0.000787;0.000768;0.000763;0.000758;0.000751;0.000739;0.000733;0.000722;0.000716;0.000712;0.000695;0.000686;0.000681;0.000674;0.000665;0.000653;0.000646;0.000640;0.000632;0.000624;0.000618;0.000602;0.000592;0.000585;0.000575;0.000566;0.000559;0.000550;0.000547;0.000531;0.000519;0.000514;0.000501;0.000484;0.000480;0.000472;0.000466;0.000461;0.000454;0.000444;0.000438;0.000426;0.000418;0.000405;0.000400;0.000395;0.000391;0.000374;0.000371;0.000362;0.000353;0.000346;0.000341;0.000331;0.000325;0.000319;0.000313;0.000306;0.000298;0.000288;0.000285;0.000274;0.000268;0.000264;0.000262;0.000253;0.000241;0.000236;0.000228;0.000224;0.000211;0.000208;0.000204;0.000199;0.000184;0.000181;0.000169;0.000164;0.000160;0.000149;0.000143;0.000133;0.000131;0.000127;0.000122;0.000116;0.000109;0.000107;0.000104;0.000091;0.000086;0.000082;0.000077;0.000066;0.000062;0.000059;0.000055;0.000051;0.000045;0.000039;0.000034;0.000030;0.000029;0.000019;0.000016;0.000014;0.000007;0.000000
00390;0.433853;0.087362;0.022049;0.019933;0.009980;0.008117;0.007424;0.006534;0.004965;0.004345;0.004046;0.003704;0.003523;0.003200;0.003014;0.002578;0.002367;0.002250;0.002102;0.002073;0.002000;0.001920;0.001845;0.001805;0.001775;0.001706;0.001662;0.001646;0.001627;0.001620;0.001602;0.001592;0.001550;0.001537;0.001514;0.001499;0.001488;0.001469;0.001441;0.001420;0.001396;0.001393;0.001373;0.001342;0.001332;0.001323;0.001309;0.001282;0.001274;0.001263;0.001253;0.001233;0.001223;0.001210;0.001203;0.001194;0.001170;0.001143;0.001128;0.001119;0.001112;0.001102;0.001082;0.001078;0.001065;0.001062;0.001056;0.001043;0.001025;0.001019;0.001005;0.000994;0.000984;0.000973;0.000955;0.000949;0.000939;0.000929;0.000918;0.000902;0.000901;0.000885;0.000873;0.000859;0.000857;0.000849;0.000840;0.000828;0.000820;0.000808;0.000794;0.000784;0.000775;0.000771;0.000763;0.000750;0.000742;0.000738;0.000733;0.000719;0.000712;0.000700;0.000695;0.000683;0.000680;0.000679;0.000664;0.000651;0.000638;0.000635;0.000619;0.000613;0.000607;0.000595;0.000589;0.000581;0.000571;0.000559;0.000552;0.000547;0.000540;0.000528;0.000525;0.000519;0.000495;0.000481;0.000480;0.000471;0.000469;0.000457;0.000449;0.000440;0.000433;0.000423;0.000419;0.000404;0.000396;0.000395;0.000382;0.000370;0.000367;0.000360;0.000347;0.000337;0.000334;0.000323;0.000320;0.000316;0.000314;0.000305;0.000293;0.000288;0.000282;0.000275;0.000268;0.000265;0.000255;0.000246;0.000236;0.000229;0.000226;0.000218;0.000204;0.000203;0.000200;0.000190;0.000183;0.000179;0.000172;0.000171;0.000164;0.000147;0.000143;0.000137;0.000131;0.000125;0.000121;0.000118;0.000107;0.000103;0.000099;0.000092;0.000090;0.000088;0.000082;0.000073;0.000065;0.000061;0.000053;0.000047;0.000043;0.000035;0.000033;0.000025;0.000022;0.000018;0.000015;0.000012;0.000005;0.000002
00400;0.434029;0.087395;0.022061;0.019934;0.009985;0.008127;0.007402;0.006540;0.004960;0.004349;0.004039;0.003698;0.003522;0.003196;0.002988;0.002572;0.002342;0.002256;0.002106;0.002051;0.002003;0.001906;0.001839;0.001777;0.001758;0.001699;0.001672;0.001639;0.001598;0.001596;0.001585;0.001579;0.001539;0.001524;0.001514;0.001506;0.001479;0.001459;0.001439;0.001411;0.001378;0.001368;0.001357;0.001337;0.001321;0.001308;0.001281;0.001275;0.001252;0.001238;0.001235;0.001218;0.001204;0.001190;0.001178;0.001175;0.001153;0.001151;0.001137;0.001120;0.001106;0.001100;0.001084;0.001070;0.001057;0.001049;0.001036;0.001026;0.001020;0.001016;0.001001;0.000984;0.000976;0.000965;0.000953;0.000947;0.000929;0.000922;0.000914;0.000896;0.000881;0.000875;0.000869;0.000864;0.000852;0.000842;0.000833;0.000824;0.000810;0.000806;0.000791;0.000786;0.000773;0.000771;0.000763;0.000748;0.000738;0.000727;0.000712;0.000706;0.000701;0.000696;0.000690;0.000684;0.000682;0.000671;0.000658;0.000648;0.000634;0.000629;0.000618;0.000604;0.000601;0.000593;0.000579;0.000575;0.000560;0.000553;0.000550;0.000540;0.000522;0.000516;0.000511;0.000503;0.000496;0.000485;0.000480;0.000477;0.000467;0.000451;0.000448;0.000441;0.000421;0.000417;0.000405;0.000403;0.000390;0.000382;0.000376;0.000370;0.000366;0.000350;0.000349;0.000345;0.000326;0.000322;0.000317;0.000305;0.000302;0.000296;0.000294;0.000285;0.000278;0.000273;0.000264;0.000262;0.000250;0.000244;0.000238;0.000237;0.000227;0.000214;0.000203;0.000197;0.000195;0.000190;0.000189;0.000178;0.000168;0.000162;0.000153;0.000140;0.000137;0.000131;0.000128;0.000121;0.000114;0.000108;0.000101;0.000099;0.000097;0.000086;0.000081;0.000078;0.000077;0.000072;0.000063;0.000060;0.000052;0.000050;0.000042;0.000037;0.000032;0.000030;0.000026;0.000020;0.000019;0.000008;0.000008;0.000002
00410;0.434262;0.087441;0.022066;0.019929;0.009986;0.008137;0.007418;0.006534;0.004953;0.004358;0.004030;0.003699;0.003496;0.003169;0.002983;0.002575;0.002369;0.002232;0.002086;0.002019;0.001981;0.001893;0.001803;0.001786;0.001752;0.001658;0.001645;0.001623;0.001610;0.001568;0.001561;0.001530;0.001517;0.001512;0.001477;0.001466;0.001442;0.001429;0.001424;0.001390;0.001344;0.001338;0.001330;0.001314;0.001308;0.001290;0.001286;0.001252;0.001240;0.001223;0.001210;0.001201;0.001179;0.001169;0.001155;0.001142;0.001128;0.001123;0.001117;0.001108;0.001098;0.001075;0.001063;0.001053;0.001046;0.001042;0.001025;0.001021;0.001015;0.001000;0.000988;0.000975;0.000970;0.000957;0.000949;0.000923;0.000915;0.000899;0.000891;0.000882;0.000870;0.000858;0.000853;0.000842;0.000837;0.000827;0.000823;0.000809;0.000797;0.000792;0.000789;0.000770;0.000765;0.000754;0.000747;0.000740;0.000724;0.000721;0.000712;0.000710;0.000692;0.000687;0.000674;0.000669;0.000654;0.000649;0.000645;0.000627;0.000625;0.000621;0.000617;0.000601;0.000593;0.000578;0.000569;0.000562;0.000553;0.000550;0.000540;0.000522;0.000512;0.000508;0.000506;0.000494;0.000487;0.000477;0.000465;0.000462;0.000450;0.000444;0.000433;0.000430;0.000425;0.000419;0.000409;0.000402;0.000398;0.000392;0.000387;0.000376;0.000358;0.000355;0.000348;0.000338;0.000336;0.000328;0.000321;0.000312;0.000306;0.000293;0.000288;0.000284;0.000281;0.000271;0.000266;0.000250;0.000248;0.000238;0.000230;0.000229;0.000221;0.000213;0.000205;0.000204;0.000198;0.000187;0.000183;0.000171;0.000167;0.000162;0.000151;0.000150;0.000141;0.000138;0.000131;0.000122;0.000117;0.000107;0.000103;0.000096;0.000092;0.000090;0.000087;0.000076;0.000073;0.000067;0.000063;0.000058;0.000052;0.000047;0.000042;0.000038;0.000036;0.000028;0.000025;0.000022;0.000016;0.000015;0.000004;0.000002
00420;0.434363;0.087462;0.022058;0.019927;0.009990;0.008124;0.007426;0.006543;0.004956;0.004356;0.004040;0.003693;0.003478;0.003168;0.002992;0.002577;0.002360;0.002238;0.002093;0.001999;0.001977;0.001880;0.001803;0.001753;0.001737;0.001633;0.001631;0.001621;0.001605;0.001563;0.001552;0.001522;0.001500;0.001488;0.001471;0.001451;0.001442;0.001421;0.001414;0.001349;0.001343;0.001336;0.001321;0.001293;0.001292;0.001282;0.001277;0.001259;0.001237;0.001216;0.001209;0.001188;0.001182;0.001171;0.001151;0.001129;0.001127;0.001104;0.001103;0.001092;0.001076;0.001063;0.001061;0.001051;0.001037;0.001027;0.001016;0.001003;0.000998;0.000989;0.000984;0.000967;0.000961;0.000960;0.000945;0.000927;0.000920;0.000903;0.000894;0.000874;0.000872;0.000869;0.000861;0.000847;0.000835;0.000830;0.000819;0.000813;0.000805;0.000792;0.000778;0.000768;0.000762;0.000752;0.000735;0.000722;0.000714;0.000707;0.000698;0.000688;0.000683;0.000669;0.000664;0.000659;0.000655;0.000647;0.000644;0.000624;0.000616;0.000611;0.000604;0.000599;0.000590;0.000585;0.000567;0.000550;0.000548;0.000535;0.000533;0.000526;0.000522;0.000503;0.000491;0.000484;0.000483;0.000475;0.000463;0.000460;0.000450;0.000445;0.000438;0.000435;0.000416;0.000412;0.000407;0.000402;0.000394;0.000384;0.000376;0.000371;0.000362;0.000357;0.000346;0.000338;0.000333;0.000324;0.000323;0.000308;0.000303;0.000296;0.000291;0.000286;0.000274;0.000261;0.000259;0.000251;0.000247;0.000233;0.000228;0.000220;0.000217;0.000211;0.000206;0.000203;0.000192;0.000184;0.000173;0.000166;0.000162;0.000157;0.000149;0.000146;0.000141;0.000135;0.000131;0.000126;0.000113;0.000109;0.000101;0.000097;0.000089;0.000086;0.000081;0.000080;0.000072;0.000066;0.000057;0.000053;0.000048;0.000047;0.000043;0.000034;0.000031;0.000025;0.000022;0.000021;0.000012;0.000006;0.000004;0.000002
00430;0.434527;0.087483;0.022068;0.019937;0.010015;0.008143;0.007436;0.006551;0.004943;0.004352;0.004021;0.003708;0.003464;0.003157;0.002991;0.002558;0.002344;0.002227;0.002106;0.002007;0.001965;0.001875;0.001796;0.001748;0.001724;0.001635;0.001626;0.001601;0.001580;0.001544;0.001530;0.001503;0.001487;0.001473;0.001452;0.001430;0.001416;0.001397;0.001377;0.001351;0.001334;0.001320;0.001312;0.001295;0.001276;0.001270;0.001245;0.001235;0.001228;0.001211;0.001196;0.001180;0.001157;0.001153;0.001140;0.001131;0.001114;0.001111;0.001091;0.001078;0.001066;0.001055;0.001042;0.001026;0.001024;0.001018;0.001008;0.001001;0.000986;0.000975;0.000958;0.000947;0.000931;0.000928;0.000919;0.000916;0.000909;0.000894;0.000894;0.000880;0.000865;0.000853;0.000844;0.000836;0.000830;0.000818;0.000814;0.000802;0.000791;0.000777;0.000769;0.000766;0.000757;0.000745;0.000740;0.000722;0.000714;0.000704;0.000693;0.000683;0.000672;0.000668;0.000664;0.000653;0.000639;0.000630;0.000624;0.000618;0.000605;0.000599;0.000596;0.000592;0.000579;0.000570;0.000565;0.000554;0.000546;0.000537;0.000528;0.000520;0.000509;0.000502;0.000486;0.000484;0.000479;0.000471;0.000464;0.000453;0.000441;0.000433;0.000429;0.000422;0.000417;0.000404;0.000397;0.000393;0.000388;0.000371;0.000364;0.000362;0.000353;0.000350;0.000346;0.000332;0.000325;0.000322;0.000309;0.000301;0.000291;0.000286;0.000280;0.000272;0.000264;0.000258;0.000252;0.000245;0.000245;0.000234;0.000223;0.000220;0.000208;0.000203;0.000197;0.000194;0.000190;0.000182;0.000176;0.000171;0.000164;0.000150;0.000145;0.000142;0.000138;0.000131;0.000128;0.000123;0.000116;0.000112;0.000106;0.000100;0.000091;0.000086;0.000073;0.000071;0.000066;0.000061;0.000058;0.000050;0.000049;0.000042;0.000039;0.000035;0.000031;0.000025;0.000024;0.000019;0.000013;0.000007;0.000005;0.000000
00440;0.434662;0.087486;0.022069;0.019948;0.009994;0.008150;0.007435;0.006546;0.004933;0.004358;0.004012;0.003712;0.003482;0.003149;0.002994;0.002569;0.002354;0.002217;0.002067;0.001992;0.001953;0.001869;0.001777;0.001736;0.001694;0.001623;0.001615;0.001581;0.001572;0.001533;0.001505;0.001494;0.001470;0.001456;0.001443;0.001401;0.001399;0.001390;0.001368;0.001327;0.001321;0.001310;0.001299;0.001277;0.001272;0.001251;0.001242;0.001238;0.001214;0.001202;0.001202;0.001188;0.001164;0.001151;0.001120;0.001112;0.001102;0.001099;0.001094;0.001080;0.001064;0.001054;0.001035;0.001029;0.001026;0.001014;0.000994;0.000989;0.000975;0.000966;0.000957;0.000946;0.000945;0.000932;0.000921;0.000915;0.000886;0.000882;0.000870;0.000860;0.000847;0.000844;0.000829;0.000825;0.000809;0.000807;0.000800;0.000787;0.000783;0.000771;0.000767;0.000760;0.000751;0.000727;0.000724;0.000714;0.000706;0.000694;0.000685;0.000680;0.000671;0.000662;0.000654;0.000649;0.000631;0.000625;0.000620;0.000614;0.000607;0.000601;0.000593;0.000577;0.000573;0.000562;0.000552;0.000545;0.000539;0.000530;0.000522;0.000518;0.000506;0.000493;0.000488;0.000479;0.000474;0.000468;0.000461;0.000449;0.000440;0.000432;0.000423;0.000415;0.000407;0.000405;0.000396;0.000390;0.000380;0.000370;0.000363;0.000360;0.000350;0.000344;0.000335;0.000330;0.000322;0.000316;0.000303;0.000298;0.000292;0.000281;0.000277;0.000268;0.000265;0.000259;0.000254;0.000244;0.000243;0.000234;0.000230;0.000222;0.000214;0.000206;0.000203;0.000199;0.000184;0.000181;0.000176;0.000171;0.000159;0.000153;0.000149;0.000145;0.000142;0.000134;0.000124;0.000119;0.000114;0.000107;0.000105;0.000096;0.000090;0.000087;0.000081;0.000078;0.000069;0.000066;0.000060;0.000058;0.000050;0.000043;0.000040;0.000036;0.000033;0.000031;0.000027;0.000020;0.000014;0.000011;0.000006;0.000002
00450;0.434767;0.087494;0.022080;0.019948;0.009983;0.008141;0.007420;0.006539;0.004934;0.004343;0.004007;0.003709;0.003484;0.003151;0.003006;0.002541;0.002361;0.002216;0.002068;0.002003;0.001933;0.001877;0.001784;0.001714;0.001696;0.001619;0.001599;0.001571;0.001552;0.001524;0.001506;0.001484;0.001462;0.001444;0.001417;0.001410;0.001387;0.001355;0.001345;0.001340;0.001324;0.001295;0.001284;0.001271;0.001269;0.001245;0.001237;0.001219;0.001202;0.001194;0.001178;0.001163;0.001161;0.001144;0.001122;0.001114;0.001104;0.001098;0.001083;0.001062;0.001054;0.001049;0.001046;0.001033;0.001011;0.001005;0.000992;0.000980;0.000973;0.000955;0.000947;0.000942;0.000933;0.000919;0.000908;0.000895;0.000888;0.000871;0.000865;0.000854;0.000844;0.000833;0.000830;0.000826;0.000809;0.000799;0.000796;0.000790;0.000767;0.000761;0.000752;0.000749;0.000744;0.000720;0.000716;0.000712;0.000697;0.000688;0.000681;0.000679;0.000667;0.000661;0.000649;0.000647;0.000637;0.000631;0.000617;0.000609;0.000600;0.000585;0.000580;0.000577;0.000572;0.000557;0.000551;0.000536;0.000530;0.000524;0.000518;0.000515;0.000503;0.000494;0.000486;0.000467;0.000458;0.000451;0.000436;0.000433;0.000432;0.000428;0.000427;0.000415;0.000412;0.000396;0.000388;0.000382;0.000375;0.000373;0.000356;0.000353;0.000352;0.000335;0.000331;0.000327;0.000320;0.000311;0.000302;0.000298;0.000292;0.000289;0.000280;0.000274;0.000267;0.000253;0.000251;0.000246;0.000245;0.000237;0.000230;0.000218;0.000215;0.000205;0.000202;0.000195;0.000181;0.000179;0.000170;0.000165;0.000163;0.000157;0.000152;0.000147;0.000141;0.000135;0.000126;0.000122;0.000113;0.000105;0.000100;0.000091;0.000085;0.000081;0.000074;0.000072;0.000066;0.000064;0.000060;0.000054;0.000052;0.000045;0.000042;0.000038;0.000032;0.000029;0.000021;0.000019;0.000014;0.000008;0.000006;0.000002
00460;0.434873;0.087519;0.022085;0.019949;0.009987;0.008151;0.007424;0.006545;0.004951;0.004370;0.004001;0.003694;0.003483;0.003138;0.002993;0.002541;0.002350;0.002211;0.002052;0.002008;0.001925;0.001861;0.001771;0.001728;0.001679;0.001600;0.001561;0.001560;0.001550;0.001500;0.001486;0.001464;0.001447;0.001443;0.001419;0.001386;0.001373;0.001362;0.001353;0.001338;0.001319;0.001302;0.001282;0.001261;0.001241;0.001234;0.001227;0.001202;0.001195;0.001182;0.001169;0.001166;0.001153;0.001133;0.001122;0.001107;0.001099;0.001094;0.001078;0.001057;0.001056;0.001048;0.001036;0.001027;0.001007;0.000989;0.000979;0.000967;0.000953;0.000951;0.000938;0.000932;0.000915;0.000901;0.000896;0.000879;0.000870;0.000864;0.000860;0.000853;0.000841;0.000834;0.000827;0.000822;0.000806;0.000799;0.000788;0.000779;0.000765;0.000754;0.000748;0.000746;0.000728;0.000719;0.000712;0.000702;0.000694;0.000683;0.000677;0.000660;0.000653;0.000645;0.000640;0.000636;0.000628;0.000612;0.000605;0.000604;0.000599;0.000583;0.000574;0.000568;0.000566;0.000554;0.000547;0.000538;0.000531;0.000521;0.000512;0.000505;0.000495;0.000486;0.000481;0.000462;0.000459;0.000456;0.000446;0.000440;0.000431;0.000426;0.000414;0.000408;0.000405;0.000399;0.000390;0.000380;0.000371;0.000360;0.000354;0.000352;0.000339;0.000335;0.000330;0.000320;0.000315;0.000312;0.000305;0.000294;0.000287;0.000284;0.000273;0.000262;0.000259;0.000250;0.000246;0.000241;0.000233;0.000230;0.000222;0.000212;0.000206;0.000203;0.000193;0.000188;0.000177;0.000172;0.000169;0.000165;0.000164;0.000159;0.000149;0.000142;0.000138;0.000131;0.000125;0.000120;0.000111;0.000108;0.000101;0.000096;0.000087;0.000079;0.000076;0.000074;0.000066;0.000064;0.000060;0.000051;0.000046;0.000044;0.000042;0.000034;0.000030;0.000028;0.000018;0.000017;0.000013;0.000011;0.000007;0.000001
00470;0.434980;0.087548;0.022106;0.019957;0.010015;0.008147;0.007424;0.006550;0.004944;0.004372;0.003999;0.003687;0.003475;0.003133;0.002999;0.002545;0.002343;0.002211;0.002054;0.001999;0.001926;0.001866;0.001752;0.001708;0.001687;0.001584;0.001563;0.001545;0.001528;0.001491;0.001484;0.001462;0.001447;0.001416;0.001396;0.001377;0.001358;0.001343;0.001328;0.001319;0.001300;0.001283;0.001272;0.001245;0.001232;0.001224;0.001219;0.001194;0.001182;0.001174;0.001162;0.001153;0.001137;0.001113;0.001109;0.001098;0.001087;0.001076;0.001063;0.001059;0.001046;0.001033;0.001028;0.001015;0.001007;0.000980;0.000969;0.000962;0.000954;0.000941;0.000934;0.000920;0.000902;0.000892;0.000884;0.000876;0.000868;0.000862;0.000854;0.000848;0.000833;0.000831;0.000821;0.000813;0.000790;0.000788;0.000778;0.000766;0.000754;0.000744;0.000734;0.000729;0.000714;0.000712;0.000699;0.000695;0.000685;0.000678;0.000664;0.000657;0.000647;0.000638;0.000631;0.000626;0.000616;0.000603;0.000600;0.000597;0.000581;0.000578;0.000571;0.000564;0.000561;0.000550;0.000538;0.000534;0.000525;0.000511;0.000509;0.000505;0.000497;0.000488;0.000473;0.000469;0.000459;0.000456;0.000440;0.000435;0.000432;0.000420;0.000413;0.000407;0.000403;0.000394;0.000390;0.000383;0.000373;0.000364;0.000360;0.000346;0.000339;0.000332;0.000328;0.000323;0.000315;0.000300;0.000298;0.000293;0.000276;0.000272;0.000267;0.000261;0.000258;0.000251;0.000240;0.000232;0.000231;0.000225;0.000219;0.000216;0.000208;0.000204;0.000195;0.000189;0.000186;0.000180;0.000176;0.000167;0.000163;0.000155;0.000150;0.000144;0.000139;0.000134;0.000119;0.000117;0.000112;0.000107;0.000097;0.000096;0.000092;0.000086;0.000085;0.000073;0.000067;0.000064;0.000057;0.000053;0.000048;0.000044;0.000038;0.000034;0.000031;0.000025;0.000019;0.000014;0.000013;0.000005;0.000005;0.000002
00480;0.435143;0.087582;0.022109;0.019955;0.010019;0.008142;0.007437;0.006556;0.004943;0.004378;0.003995;0.003680;0.003477;0.003119;0.002996;0.002538;0.002344;0.002219;0.002051;0.001980;0.001927;0.001873;0.001746;0.001693;0.001688;0.001568;0.001561;0.001526;0.001521;0.001485;0.001466;0.001437;0.001428;0.001401;0.001389;0.001377;0.001357;0.001340;0.001321;0.001306;0.001289;0.001274;0.001247;0.001238;0.001222;0.001211;0.001196;0.001185;0.001173;0.001163;0.001158;0.001150;0.001136;0.001113;0.001095;0.001080;0.001069;0.001058;0.001056;0.001041;0.001034;0.001025;0.001013;0.001005;0.000985;0.000984;0.000979;0.000956;0.000952;0.000940;0.000921;0.000915;0.000909;0.000901;0.000883;0.000875;0.000869;0.000861;0.000850;0.000839;0.000833;0.000826;0.000821;0.000807;0.000807;0.000788;0.000782;0.000768;0.000755;0.000746;0.000738;0.000720;0.000715;0.000709;0.000701;0.000690;0.000685;0.000672;0.000664;0.000656;0.000647;0.000643;0.000634;0.000622;0.000618;0.000598;0.000594;0.000580;0.000575;0.000571;0.000560;0.000556;0.000545;0.000541;0.000537;0.000531;0.000521;0.000520;0.000507;0.000503;0.000494;0.000493;0.000490;0.000464;0.000462;0.000456;0.000450;0.000436;0.000433;0.000417;0.000410;0.000405;0.000399;0.000386;0.000376;0.000370;0.000362;0.000358;0.000353;0.000344;0.000340;0.000330;0.000319;0.000314;0.000311;0.000297;0.000295;0.000289;0.000278;0.000274;0.000271;0.000261;0.000256;0.000245;0.000237;0.000232;0.000225;0.000218;0.000213;0.000211;0.000208;0.000195;0.000187;0.000180;0.000179;0.000172;0.000168;0.000163;0.000160;0.000151;0.000146;0.000138;0.000132;0.000131;0.000127;0.000121;0.000112;0.000108;0.000106;0.000101;0.000086;0.000083;0.000080;0.000072;0.000068;0.000065;0.000056;0.000051;0.000050;0.000043;0.000039;0.000035;0.000033;0.000031;0.000023;0.000017;0.000015;0.000011;0.000004;0.000003
00490;0.435263;0.087622;0.022122;0.019967;0.010020;0.008135;0.007428;0.006546;0.004934;0.004367;0.004001;0.003678;0.003473;0.003118;0.003003;0.002537;0.002311;0.002203;0.002041;0.001973;0.001930;0.001853;0.001737;0.001699;0.001663;0.001560;0.001546;0.001528;0.001481;0.001472;0.001449;0.001426;0.001418;0.001393;0.001367;0.001359;0.001341;0.001334;0.001316;0.001287;0.001275;0.001244;0.001235;0.001227;0.001211;0.001204;0.001185;0.001172;0.001163;0.001158;0.001150;0.001133;0.001130;0.001104;0.001094;0.001078;0.001064;0.001059;0.001045;0.001027;0.001018;0.001015;0.000996;0.000992;0.000983;0.000970;0.000966;0.000947;0.000938;0.000931;0.000921;0.000908;0.000903;0.000897;0.000887;0.000876;0.000866;0.000860;0.000846;0.000841;0.000822;0.000816;0.000808;0.000801;0.000788;0.000774;0.000768;0.000760;0.000753;0.000743;0.000741;0.000728;0.000716;0.000706;0.000694;0.000688;0.000677;0.000668;0.000658;0.000644;0.000641;0.000637;0.000630;0.000616;0.000606;0.000597;0.000588;0.000581;0.000570;0.000563;0.000557;0.000557;0.000555;0.000546;0.000539;0.000524;0.000515;0.000507;0.000502;0.000486;0.000478;0.000476;0.000470;0.000461;0.000457;0.000433;0.000429;0.000422;0.000414;0.000406;0.000403;0.000396;0.000389;0.000380;0.000372;0.000360;0.000356;0.000347;0.000343;0.000336;0.000331;0.000320;0.000312;0.000307;0.000297;0.000294;0.000288;0.000275;0.000267;0.000263;0.000252;0.000249;0.000243;0.000238;0.000232;0.000229;0.000221;0.000216;0.000209;0.000201;0.000196;0.000191;0.000184;0.000176;0.000173;0.000166;0.000163;0.000156;0.000151;0.000149;0.000137;0.000135;0.000133;0.000124;0.000117;0.000111;0.000106;0.000104;0.000098;0.000090;0.000085;0.000078;0.000073;0.000071;0.000066;0.000061;0.000055;0.000053;0.000047;0.000045;0.000042;0.000037;0.000034;0.000026;0.000021;0.000018;0.000014;0.000011;0.000007;0.000002
00500;0.435366;0.087648;0.022106;0.019969;0.010020;0.008149;0.007428;0.006549;0.004942;0.004371;0.004008;0.003674;0.003467;0.003099;0.003004;0.002532;0.002311;0.002214;0.002034;0.001967;0.001928;0.001852;0.001728;0.001698;0.001643;0.001550;0.001525;0.001496;0.001472;0.001459;0.001435;0.001415;0.001403;0.001393;0.001361;0.001352;0.001332;0.001323;0.001309;0.001291;0.001268;0.001251;0.001233;0.001216;0.001206;0.001182;0.001168;0.001163;0.001154;0.001144;0.001139;0.001125;0.001108;0.001105;0.001085;0.001074;0.001052;0.001047;0.001036;0.001028;0.001022;0.000999;0.000983;0.000971;0.000968;0.000963;0.000954;0.000944;0.000933;0.000927;0.000914;0.000897;0.000889;0.000883;0.000880;0.000857;0.000856;0.000849;0.000840;0.000829;0.000815;0.000812;0.000796;0.000789;0.000783;0.000773;0.000754;0.000750;0.000744;0.000738;0.000714;0.000706;0.000699;0.000691;0.000682;0.000675;0.000667;0.000664;0.000652;0.000647;0.000635;0.000634;0.000616;0.000601;0.000598;0.000597;0.000586;0.000583;0.000570;0.000557;0.000548;0.000545;0.000539;0.000531;0.000522;0.000514;0.000509;0.000497;0.000494;0.000479;0.000474;0.000468;0.000455;0.000453;0.000442;0.000434;0.000423;0.000415;0.000413;0.000407;0.000398;0.000392;0.000387;0.000379;0.000372;0.000362;0.000354;0.000349;0.000345;0.000336;0.000324;0.000317;0.000311;0.000299;0.000295;0.000290;0.000283;0.000278;0.000271;0.000269;0.000260;0.000255;0.000245;0.000239;0.000231;0.000225;0.000221;0.000212;0.000206;0.000204;0.000192;0.000188;0.000184;0.000179;0.000175;0.000168;0.000164;0.000155;0.000151;0.000148;0.000137;0.000130;0.000124;0.000122;0.000117;0.000114;0.000108;0.000103;0.000099;0.000094;0.000078;0.000076;0.000068;0.000063;0.000061;0.000058;0.000054;0.000049;0.000047;0.000045;0.000038;0.000031;0.000027;0.000024;0.000019;0.000018;0.000011;0.000008;0.000007;0.000005
00510;0.435478;0.087666;0.022104;0.019970;0.010015;0.008146;0.007423;0.006547;0.004944;0.004362;0.004003;0.003687;0.003485;0.003112;0.003013;0.002532;0.002290;0.002203;0.002037;0.001962;0.001929;0.001857;0.001720;0.001699;0.001645;0.001553;0.001504;0.001487;0.001484;0.001446;0.001432;0.001399;0.001390;0.001354;0.001343;0.001340;0.001317;0.001298;0.001291;0.001267;0.001241;0.001231;0.001224;0.001214;0.001188;0.001173;0.001168;0.001158;0.001149;0.001141;0.001133;0.001117;0.001101;0.001092;0.001067;0.001055;0.001053;0.001036;0.001027;0.001025;0.001009;0.000997;0.000980;0.000978;0.000967;0.000954;0.000947;0.000935;0.000925;0.000914;0.000906;0.000893;0.000890;0.000879;0.000862;0.000850;0.000845;0.000832;0.000825;0.000820;0.000807;0.000799;0.000793;0.000781;0.000772;0.000768;0.000761;0.000750;0.000747;0.000727;0.000714;0.000699;0.000696;0.000686;0.000675;0.000669;0.000665;0.000649;0.000644;0.000640;0.000627;0.000616;0.000607;0.000604;0.000594;0.000589;0.000578;0.000573;0.000567;0.000555;0.000542;0.000536;0.000532;0.000523;0.000510;0.000504;0.000498;0.000489;0.000476;0.000471;0.000466;0.000461;0.000450;0.000447;0.000439;0.000437;0.000425;0.000420;0.000412;0.000403;0.000401;0.000391;0.000384;0.000382;0.000375;0.000364;0.000358;0.000355;0.000341;0.000330;0.000322;0.000316;0.000310;0.000308;0.000298;0.000294;0.000290;0.000283;0.000271;0.000266;0.000255;0.000254;0.000252;0.000233;0.000231;0.000224;0.000222;0.000218;0.000209;0.000200;0.000193;0.000186;0.000184;0.000177;0.000176;0.000165;0.000158;0.000155;0.000151;0.000146;0.000142;0.000131;0.000126;0.000119;0.000112;0.000109;0.000099;0.000097;0.000093;0.000090;0.000080;0.000078;0.000074;0.000071;0.000065;0.000057;0.000055;0.000051;0.000047;0.000044;0.000043;0.000039;0.000036;0.000030;0.000026;0.000022;0.000017;0.000006;0.000004;0.000000
00520;0.435588;0.087712;0.022102;0.019977;0.010018;0.008139;0.007418;0.006546;0.004956;0.004368;0.003994;0.003688;0.003473;0.003104;0.002993;0.002536;0.002302;0.002202;0.002053;0.001945;0.001914;0.001841;0.001720;0.001673;0.001651;0.001532;0.001497;0.001466;0.001455;0.001446;0.001397;0.001392;0.001380;0.001356;0.001343;0.001325;0.001305;0.001279;0.001274;0.001272;0.001246;0.001239;0.001228;0.001211;0.001189;0.001184;0.001169;0.001158;0.001148;0.001137;0.001119;0.001110;0.001085;0.001080;0.001071;0.001058;0.001036;0.001031;0.001013;0.001007;0.000997;0.000993;0.000977;0.000975;0.000962;0.000948;0.000936;0.000932;0.000927;0.000914;0.000896;0.000887;0.000878;0.000870;0.000860;0.000840;0.000837;0.000831;0.000829;0.000803;0.000800;0.000794;0.000783;0.000778;0.000768;0.000758;0.000756;0.000750;0.000728;0.000726;0.000714;0.000712;0.000697;0.000691;0.000674;0.000670;0.000662;0.000656;0.000641;0.000630;0.000621;0.000613;0.000603;0.000600;0.000593;0.000583;0.000580;0.000564;0.000558;0.000536;0.000533;0.000531;0.000523;0.000515;0.000506;0.000498;0.000496;0.000484;0.000479;0.000472;0.000466;0.000459;0.000449;0.000447;0.000438;0.000426;0.000420;0.000412;0.000411;0.000405;0.000397;0.000391;0.000387;0.000374;0.000365;0.000353;0.000346;0.000343;0.000339;0.000325;0.000320;0.000313;0.000312;0.000302;0.000293;0.000290;0.000282;0.000277;0.000270;0.000263;0.000260;0.000247;0.000245;0.000241;0.000232;0.000230;0.000224;0.000222;0.000206;0.000202;0.000197;0.000191;0.000184;0.000180;0.000178;0.000161;0.000155;0.000150;0.000143;0.000139;0.000136;0.000134;0.000125;0.000120;0.000118;0.000115;0.000111;0.000103;0.000100;0.000090;0.000084;0.000082;0.000075;0.000072;0.000067;0.000065;0.000057;0.000049;0.000043;0.000040;0.000035;0.000031;0.000027;0.000024;0.000022;0.000015;0.000012;0.000009;0.000008;0.000003
00530;0.435698;0.087724;0.022117;0.019984;0.010045;0.008149;0.007407;0.006545;0.004935;0.004374;0.003993;0.003683;0.003465;0.003091;0.002991;0.002522;0.002274;0.002205;0.002051;0.001946;0.001909;0.001823;0.001705;0.001657;0.001630;0.001530;0.001490;0.001474;0.001463;0.001438;0.001397;0.001376;0.001358;0.001351;0.001336;0.001318;0.001309;0.001279;0.001265;0.001251;0.001241;0.001216;0.001205;0.001194;0.001186;0.001176;0.001154;0.001151;0.001137;0.001129;0.001112;0.001106;0.001084;0.001064;0.001053;0.001041;0.001027;0.001023;0.001009;0.000999;0.000983;0.000976;0.000967;0.000956;0.000951;0.000936;0.000928;0.000921;0.000913;0.000897;0.000888;0.000877;0.000869;0.000858;0.000846;0.000840;0.000828;0.000823;0.000820;0.000803;0.000798;0.000783;0.000774;0.000767;0.000760;0.000754;0.000744;0.000740;0.000720;0.000710;0.000702;0.000690;0.000685;0.000682;0.000670;0.000667;0.000649;0.000642;0.000635;0.000624;0.000623;0.000610;0.000602;0.000591;0.000583;0.000582;0.000579;0.000565;0.000553;0.000536;0.000533;0.000530;0.000517;0.000510;0.000506;0.000491;0.000491;0.000481;0.000478;0.000472;0.000467;0.000459;0.000453;0.000449;0.000437;0.000432;0.000427;0.000414;0.000406;0.000401;0.000396;0.000382;0.000371;0.000366;0.000361;0.000354;0.000345;0.000344;0.000336;0.000323;0.000321;0.000313;0.000304;0.000296;0.000289;0.000286;0.000281;0.000277;0.000269;0.000266;0.000259;0.000248;0.000242;0.000234;0.000233;0.000221;0.000219;0.000210;0.000204;0.000195;0.000191;0.000183;0.000176;0.000170;0.000167;0.000164;0.000155;0.000149;0.000146;0.000137;0.000133;0.000129;0.000125;0.000120;0.000118;0.000112;0.000107;0.000101;0.000096;0.000089;0.000088;0.000083;0.000079;0.000074;0.000067;0.000061;0.000060;0.000053;0.000049;0.000044;0.000038;0.000035;0.000032;0.000024;0.000023;0.000020;0.000010;0.000008;0.000005;0.000002
00540;0.435810;0.087747;0.022116;0.019985;0.010030;0.008161;0.007396;0.006545;0.004935;0.004357;0.003999;0.003691;0.003477;0.003099;0.002993;0.002534;0.002288;0.002206;0.002045;0.001952;0.001911;0.001828;0.001688;0.001654;0.001624;0.001540;0.001501;0.001462;0.001441;0.001436;0.001390;0.001367;0.001363;0.001338;0.001320;0.001297;0.001295;0.001268;0.001253;0.001246;0.001233;0.001219;0.001210;0.001204;0.001173;0.001167;0.001144;0.001128;0.001110;0.001106;0.001096;0.001082;0.001063;0.001056;0.001038;0.001037;0.001023;0.001008;0.000992;0.000990;0.000985;0.000965;0.000958;0.000955;0.000932;0.000928;0.000925;0.000919;0.000909;0.000899;0.000888;0.000878;0.000871;0.000851;0.000839;0.000835;0.000824;0.000815;0.000813;0.000798;0.000787;0.000781;0.000778;0.000769;0.000755;0.000752;0.000748;0.000733;0.000725;0.000708;0.000704;0.000689;0.000678;0.000674;0.000669;0.000659;0.000655;0.000644;0.000631;0.000622;0.000617;0.000606;0.000599;0.000592;0.000589;0.000575;0.000574;0.000560;0.000549;0.000544;0.000531;0.000521;0.000515;0.000507;0.000495;0.000491;0.000480;0.000479;0.000471;0.000469;0.000461;0.000455;0.000449;0.000444;0.000437;0.000423;0.000422;0.000413;0.000403;0.000389;0.000385;0.000381;0.000375;0.000365;0.000361;0.000351;0.000345;0.000335;0.000334;0.000322;0.000317;0.000310;0.000296;0.000290;0.000285;0.000283;0.000276;0.000269;0.000266;0.000261;0.000249;0.000245;0.000239;0.000231;0.000222;0.000216;0.000210;0.000208;0.000204;0.000196;0.000189;0.000183;0.000178;0.000173;0.000168;0.000163;0.000161;0.000148;0.000144;0.000141;0.000134;0.000130;0.000120;0.000118;0.000114;0.000108;0.000104;0.000102;0.000090;0.000089;0.000083;0.000081;0.000077;0.000072;0.000066;0.000062;0.000055;0.000052;0.000044;0.000043;0.000041;0.000035;0.000031;0.000028;0.000025;0.000015;0.000012;0.000007;0.000003;0.000000
00550;0.435907;0.087768;0.022127;0.019985;0.010040;0.008163;0.007394;0.006561;0.004930;0.004358;0.003994;0.003674;0.003470;0.003104;0.002993;0.002528;0.002276;0.002194;0.002032;0.001929;0.001922;0.001823;0.001711;0.001650;0.001617;0.001526;0.001495;0.001455;0.001445;0.001422;0.001378;0.001372;0.001361;0.001327;0.001315;0.001305;0.001274;0.001259;0.001246;0.001242;0.001229;0.001205;0.001191;0.001185;0.001164;0.001160;0.001136;0.001126;0.001111;0.001097;0.001088;0.001077;0.001063;0.001048;0.001038;0.001023;0.001010;0.001005;0.000996;0.000982;0.000968;0.000959;0.000956;0.000946;0.000935;0.000930;0.000912;0.000897;0.000895;0.000884;0.000881;0.000873;0.000866;0.000848;0.000842;0.000833;0.000819;0.000809;0.000806;0.000801;0.000787;0.000774;0.000768;0.000764;0.000755;0.000734;0.000730;0.000722;0.000714;0.000692;0.000689;0.000678;0.000674;0.000668;0.000656;0.000654;0.000638;0.000634;0.000626;0.000620;0.000609;0.000600;0.000594;0.000589;0.000579;0.000569;0.000565;0.000554;0.000535;0.000529;0.000522;0.000517;0.000509;0.000502;0.000494;0.000481;0.000472;0.000468;0.000463;0.000457;0.000455;0.000441;0.000433;0.000430;0.000425;0.000421;0.000414;0.000409;0.000405;0.000397;0.000394;0.000386;0.000371;0.000365;0.000357;0.000341;0.000337;0.000333;0.000328;0.000319;0.000315;0.000309;0.000305;0.000301;0.000288;0.000281;0.000275;0.000271;0.000263;0.000261;0.000252;0.000244;0.000242;0.000230;0.000225;0.000218;0.000217;0.000213;0.000205;0.000199;0.000190;0.000177;0.000175;0.000167;0.000164;0.000158;0.000151;0.000146;0.000142;0.000136;0.000133;0.000131;0.000127;0.000120;0.000114;0.000108;0.000102;0.000096;0.000091;0.000088;0.000083;0.000073;0.000071;0.000067;0.000066;0.000060;0.000058;0.000056;0.000052;0.000042;0.000038;0.000032;0.000031;0.000029;0.000026;0.000015;0.000010;0.000006;0.000002;0.000001
00560;0.436017;0.087770;0.022153;0.019983;0.010046;0.008154;0.007397;0.006560;0.004932;0.004369;0.003996;0.003657;0.003466;0.003115;0.002998;0.002519;0.002258;0.002192;0.002049;0.001928;0.001911;0.001803;0.001705;0.001630;0.001619;0.001517;0.001491;0.001450;0.001444;0.001429;0.001381;0.001369;0.001346;0.001314;0.001301;0.001293;0.001273;0.001259;0.001247;0.001233;0.001212;0.001197;0.001191;0.001165;0.001155;0.001141;0.001134;0.001110;0.001099;0.001088;0.001078;0.001070;0.001064;0.001047;0.001025;0.001013;0.000997;0.000994;0.000985;0.000978;0.000964;0.000957;0.000955;0.000938;0.000919;0.000914;0.000908;0.000895;0.000886;0.000872;0.000868;0.000864;0.000838;0.000834;0.000826;0.000822;0.000815;0.000798;0.000794;0.000789;0.000776;0.000765;0.000757;0.000750;0.000741;0.000726;0.000724;0.000719;0.000705;0.000701;0.000696;0.000682;0.000679;0.000664;0.000652;0.000645;0.000638;0.000634;0.000617;0.000610;0.000610;0.000587;0.000580;0.000577;0.000572;0.000559;0.000553;0.000538;0.000535;0.000529;0.000524;0.000513;0.000508;0.000500;0.000491;0.000485;0.000471;0.000469;0.000457;0.000455;0.000453;0.000448;0.000441;0.000432;0.000423;0.000420;0.000407;0.000405;0.000392;0.000389;0.000384;0.000379;0.000371;0.000363;0.000357;0.000350;0.000347;0.000334;0.000334;0.000330;0.000312;0.000311;0.000300;0.000299;0.000289;0.000281;0.000276;0.000268;0.000260;0.000255;0.000248;0.000246;0.000244;0.000230;0.000225;0.000215;0.000211;0.000206;0.000202;0.000198;0.000191;0.000184;0.000177;0.000169;0.000167;0.000157;0.000153;0.000152;0.000147;0.000138;0.000132;0.000125;0.000122;0.000119;0.000112;0.000107;0.000102;0.000095;0.000090;0.000088;0.000088;0.000078;0.000075;0.000067;0.000061;0.000058;0.000053;0.000049;0.000047;0.000043;0.000039;0.000038;0.000033;0.000027;0.000023;0.000017;0.000009;0.000006;0.000005;0.000004
00570;0.436102;0.087770;0.022152;0.019994;0.010050;0.008143;0.007385;0.006572;0.004933;0.004361;0.003993;0.003664;0.003456;0.003131;0.002999;0.002530;0.002242;0.002182;0.002043;0.001936;0.001919;0.001804;0.001693;0.001630;0.001622;0.001520;0.001485;0.001447;0.001435;0.001411;0.001391;0.001352;0.001334;0.001313;0.001287;0.001265;0.001254;0.001243;0.001235;0.001224;0.001210;0.001199;0.001180;0.001168;0.001139;0.001130;0.001109;0.001105;0.001098;0.001090;0.001070;0.001069;0.001047;0.001037;0.001027;0.001009;0.000992;0.000986;0.000977;0.000962;0.000954;0.000949;0.000934;0.000920;0.000920;0.000910;0.000894;0.000882;0.000878;0.000876;0.000862;0.000849;0.000839;0.000824;0.000816;0.000807;0.000799;0.000798;0.000789;0.000784;0.000770;0.000756;0.000753;0.000749;0.000737;0.000732;0.000726;0.000709;0.000705;0.000696;0.000692;0.000675;0.000665;0.000662;0.000654;0.000648;0.000641;0.000636;0.000611;0.000606;0.000594;0.000588;0.000575;0.000561;0.000559;0.000555;0.000542;0.000537;0.000525;0.000522;0.000519;0.000514;0.000505;0.000496;0.000486;0.000481;0.000470;0.000459;0.000455;0.000450;0.000443;0.000437;0.000431;0.000429;0.000421;0.000406;0.000401;0.000398;0.000392;0.000390;0.000378;0.000371;0.000368;0.000358;0.000354;0.000348;0.000339;0.000329;0.000326;0.000315;0.000311;0.000302;0.000301;0.000297;0.000287;0.000282;0.000277;0.000270;0.000269;0.000263;0.000257;0.000244;0.000237;0.000233;0.000227;0.000214;0.000209;0.000207;0.000205;0.000201;0.000189;0.000183;0.000176;0.000169;0.000164;0.000161;0.000157;0.000152;0.000147;0.000139;0.000133;0.000128;0.000120;0.000119;0.000111;0.000106;0.000103;0.000097;0.000095;0.000089;0.000083;0.000080;0.000074;0.000071;0.000063;0.000061;0.000057;0.000053;0.000048;0.000044;0.000039;0.000036;0.000032;0.000024;0.000022;0.000018;0.000016;0.000009;0.000003;0.000000
00580;0.436280;0.087810;0.022154;0.020008;0.010052;0.008141;0.007402;0.006569;0.004930;0.004368;0.004000;0.003667;0.003458;0.003138;0.002989;0.002529;0.002247;0.002164;0.002045;0.001918;0.001889;0.001793;0.001670;0.001617;0.001587;0.001501;0.001451;0.001446;0.001428;0.001421;0.001373;0.001325;0.001318;0.001286;0.001283;0.001269;0.001229;0.001225;0.001218;0.001205;0.001188;0.001181;0.001149;0.001145;0.001123;0.001111;0.001096;0.001085;0.001075;0.001064;0.001060;0.001043;0.001022;0.001020;0.001011;0.000999;0.000987;0.000983;0.000969;0.000957;0.000951;0.000941;0.000921;0.000909;0.000901;0.000895;0.000884;0.000878;0.000867;0.000855;0.000855;0.000844;0.000835;0.000822;0.000806;0.000804;0.000799;0.000790;0.000775;0.000764;0.000762;0.000758;0.000751;0.000742;0.000734;0.000729;0.000722;0.000701;0.000699;0.000689;0.000676;0.000667;0.000656;0.000654;0.000640;0.000632;0.000624;0.000614;0.000610;0.000588;0.000580;0.000579;0.000572;0.000563;0.000561;0.000554;0.000544;0.000537;0.000534;0.000516;0.000511;0.000503;0.000489;0.000488;0.000476;0.000472;0.000456;0.000449;0.000446;0.000440;0.000439;0.000428;0.000425;0.000425;0.000414;0.000410;0.000399;0.000391;0.000390;0.000380;0.000370;0.000366;0.000358;0.000354;0.000345;0.000339;0.000334;0.000325;0.000323;0.000310;0.000302;0.000299;0.000297;0.000291;0.000281;0.000276;0.000270;0.000269;0.000261;0.000251;0.000249;0.000248;0.000241;0.000232;0.000229;0.000216;0.000210;0.000208;0.000200;0.000198;0.000194;0.000181;0.000174;0.000163;0.000157;0.000153;0.000151;0.000149;0.000139;0.000136;0.000130;0.000122;0.000118;0.000115;0.000114;0.000109;0.000100;0.000094;0.000092;0.000089;0.000081;0.000075;0.000070;0.000065;0.000061;0.000059;0.000055;0.000052;0.000048;0.000043;0.000042;0.000037;0.000027;0.000026;0.000024;0.000022;0.000013;0.000008;0.000006;0.000001
00590;0.436384;0.087828;0.022149;0.020016;0.010058;0.008133;0.007401;0.006577;0.004933;0.004375;0.004010;0.003662;0.003458;0.003144;0.002993;0.002531;0.002235;0.002183;0.002023;0.001915;0.001897;0.001777;0.001665;0.001617;0.001585;0.001487;0.001453;0.001438;0.001402;0.001394;0.001362;0.001322;0.001309;0.001294;0.001277;0.001257;0.001222;0.001206;0.001198;0.001196;0.001179;0.001170;0.001149;0.001132;0.001119;0.001099;0.001091;0.001086;0.001068;0.001066;0.001046;0.001028;0.001012;0.001004;0.000991;0.000987;0.000977;0.000971;0.000961;0.000946;0.000941;0.000935;0.000918;0.000906;0.000903;0.000891;0.000884;0.000866;0.000859;0.000846;0.000835;0.000833;0.000820;0.000814;0.000803;0.000799;0.000780;0.000774;0.000768;0.000765;0.000757;0.000746;0.000733;0.000730;0.000725;0.000723;0.000707;0.000703;0.000687;0.000676;0.000665;0.000658;0.000648;0.000630;0.000626;0.000622;0.000612;0.000606;0.000595;0.000588;0.000580;0.000576;0.000570;0.000564;0.000554;0.000546;0.000541;0.000532;0.000525;0.000519;0.000506;0.000503;0.000498;0.000487;0.000485;0.000469;0.000461;0.000460;0.000451;0.000439;0.000434;0.000426;0.000412;0.000408;0.000406;0.000398;0.000394;0.000386;0.000380;0.000367;0.000360;0.000358;0.000354;0.000349;0.000341;0.000336;0.000332;0.000323;0.000319;0.000314;0.000311;0.000306;0.000301;0.000296;0.000286;0.000285;0.000274;0.000267;0.000264;0.000260;0.000250;0.000242;0.000236;0.000228;0.000225;0.000221;0.000216;0.000206;0.000205;0.000192;0.000185;0.000179;0.000179;0.000167;0.000158;0.000149;0.000149;0.000143;0.000134;0.000133;0.000128;0.000124;0.000121;0.000115;0.000109;0.000102;0.000098;0.000094;0.000087;0.000082;0.000075;0.000075;0.000067;0.000065;0.000063;0.000058;0.000056;0.000051;0.000048;0.000044;0.000035;0.000033;0.000029;0.000022;0.000020;0.000017;0.000015;0.000009;0.000006;0.000003
00600;0.436451;0.087841;0.022151;0.020015;0.010059;0.008136;0.007392;0.006574;0.004940;0.004379;0.004002;0.003658;0.003447;0.003147;0.002992;0.002521;0.002249;0.002157;0.002030;0.001899;0.001889;0.001774;0.001658;0.001608;0.001573;0.001500;0.001437;0.001434;0.001410;0.001381;0.001353;0.001314;0.001290;0.001279;0.001254;0.001244;0.001213;0.001202;0.001182;0.001176;0.001169;0.001154;0.001139;0.001127;0.001102;0.001094;0.001080;0.001069;0.001061;0.001057;0.001038;0.001030;0.001014;0.001003;0.000994;0.000986;0.000979;0.000965;0.000958;0.000951;0.000942;0.000933;0.000919;0.000911;0.000888;0.000886;0.000867;0.000861;0.000846;0.000842;0.000839;0.000820;0.000807;0.000801;0.000793;0.000783;0.000781;0.000777;0.000768;0.000754;0.000747;0.000741;0.000733;0.000720;0.000716;0.000711;0.000696;0.000689;0.000683;0.000679;0.000667;0.000664;0.000655;0.000649;0.000625;0.000619;0.000613;0.000608;0.000601;0.000591;0.000588;0.000577;0.000567;0.000563;0.000560;0.000545;0.000537;0.000536;0.000528;0.000518;0.000503;0.000501;0.000489;0.000486;0.000482;0.000478;0.000467;0.000463;0.000448;0.000438;0.000437;0.000423;0.000417;0.000414;0.000409;0.000398;0.000396;0.000395;0.000383;0.000369;0.000366;0.000364;0.000352;0.000342;0.000340;0.000335;0.000327;0.000321;0.000314;0.000310;0.000308;0.000303;0.000297;0.000290;0.000281;0.000280;0.000270;0.000266;0.000262;0.000247;0.000243;0.000243;0.000240;0.000233;0.000220;0.000218;0.000208;0.000201;0.000187;0.000182;0.000180;0.000170;0.000169;0.000164;0.000164;0.000157;0.000149;0.000146;0.000140;0.000139;0.000133;0.000124;0.000114;0.000112;0.000108;0.000105;0.000098;0.000093;0.000091;0.000081;0.000080;0.000076;0.000069;0.000062;0.000057;0.000055;0.000050;0.000047;0.000045;0.000041;0.000039;0.000035;0.000031;0.000024;0.000020;0.000017;0.000014;0.000005;0.000003;0.000000
00610;0.436539;0.087866;0.022159;0.020014;0.010039;0.008147;0.007394;0.006574;0.004948;0.004378;0.004014;0.003659;0.003438;0.003145;0.002999;0.002526;0.002227;0.002157;0.002017;0.001903;0.001881;0.001774;0.001648;0.001609;0.001565;0.001474;0.001452;0.001421;0.001410;0.001357;0.001334;0.001322;0.001295;0.001271;0.001259;0.001235;0.001209;0.001189;0.001177;0.001167;0.001159;0.001148;0.001130;0.001111;0.001102;0.001096;0.001085;0.001079;0.001055;0.001044;0.001036;0.001014;0.000999;0.000989;0.000984;0.000974;0.000966;0.000952;0.000946;0.000937;0.000931;0.000915;0.000911;0.000899;0.000883;0.000882;0.000858;0.000849;0.000837;0.000834;0.000830;0.000818;0.000813;0.000803;0.000789;0.000784;0.000779;0.000764;0.000755;0.000748;0.000744;0.000737;0.000725;0.000723;0.000714;0.000699;0.000697;0.000684;0.000676;0.000673;0.000667;0.000662;0.000646;0.000641;0.000628;0.000626;0.000616;0.000611;0.000595;0.000593;0.000583;0.000571;0.000564;0.000560;0.000546;0.000541;0.000537;0.000534;0.000525;0.000515;0.000506;0.000502;0.000500;0.000486;0.000480;0.000470;0.000457;0.000451;0.000448;0.000446;0.000439;0.000426;0.000418;0.000409;0.000403;0.000397;0.000387;0.000382;0.000378;0.000370;0.000366;0.000359;0.000357;0.000351;0.000346;0.000339;0.000334;0.000330;0.000312;0.000305;0.000304;0.000299;0.000296;0.000292;0.000290;0.000283;0.000276;0.000271;0.000261;0.000260;0.000249;0.000243;0.000233;0.000222;0.000213;0.000211;0.000203;0.000196;0.000190;0.000188;0.000187;0.000181;0.000175;0.000167;0.000160;0.000157;0.000149;0.000145;0.000135;0.000130;0.000130;0.000125;0.000119;0.000113;0.000111;0.000106;0.000102;0.000098;0.000089;0.000084;0.000078;0.000075;0.000069;0.000063;0.000060;0.000055;0.000051;0.000047;0.000043;0.000040;0.000038;0.000036;0.000029;0.000025;0.000022;0.000016;0.000013;0.000007;0.000005;0.000003
00620;0.436654;0.087880;0.022159;0.020024;0.010040;0.008152;0.007402;0.006584;0.004949;0.004401;0.003996;0.003654;0.003437;0.003125;0.002999;0.002506;0.002231;0.002148;0.002011;0.001901;0.001886;0.001778;0.001643;0.001622;0.001563;0.001464;0.001442;0.001413;0.001388;0.001358;0.001329;0.001318;0.001281;0.001256;0.001245;0.001230;0.001192;0.001186;0.001175;0.001149;0.001146;0.001140;0.001127;0.001110;0.001102;0.001090;0.001079;0.001072;0.001049;0.001044;0.001030;0.001007;0.001000;0.000997;0.000979;0.000971;0.000964;0.000951;0.000938;0.000936;0.000924;0.000911;0.000899;0.000896;0.000877;0.000876;0.000858;0.000849;0.000843;0.000832;0.000827;0.000813;0.000801;0.000800;0.000792;0.000779;0.000773;0.000771;0.000758;0.000749;0.000732;0.000728;0.000726;0.000720;0.000716;0.000706;0.000694;0.000678;0.000675;0.000659;0.000651;0.000641;0.000631;0.000628;0.000619;0.000614;0.000610;0.000601;0.000591;0.000587;0.000579;0.000564;0.000561;0.000557;0.000546;0.000539;0.000532;0.000522;0.000520;0.000513;0.000508;0.000499;0.000489;0.000486;0.000483;0.000470;0.000463;0.000459;0.000448;0.000439;0.000429;0.000413;0.000412;0.000402;0.000398;0.000392;0.000391;0.000377;0.000375;0.000371;0.000365;0.000362;0.000350;0.000338;0.000335;0.000333;0.000328;0.000323;0.000319;0.000309;0.000303;0.000295;0.000289;0.000286;0.000281;0.000277;0.000270;0.000266;0.000264;0.000255;0.000251;0.000245;0.000230;0.000223;0.000219;0.000216;0.000212;0.000202;0.000197;0.000196;0.000188;0.000182;0.000172;0.000164;0.000161;0.000158;0.000150;0.000142;0.000136;0.000129;0.000125;0.000121;0.000117;0.000112;0.000104;0.000101;0.000096;0.000092;0.000089;0.000085;0.000078;0.000075;0.000073;0.000068;0.000062;0.000059;0.000056;0.000047;0.000044;0.000036;0.000031;0.000030;0.000028;0.000024;0.000013;0.000011;0.000011;0.000006;0.000004;0.000001
00630;0.436732;0.087899;0.022157;0.020022;0.010019;0.008160;0.007404;0.006589;0.004959;0.004408;0.003999;0.003671;0.003455;0.003134;0.002994;0.002516;0.002239;0.002147;0.002017;0.001893;0.001886;0.001780;0.001634;0.001625;0.001559;0.001474;0.001428;0.001386;0.001383;0.001340;0.001325;0.001313;0.001285;0.001257;0.001238;0.001219;0.001192;0.001179;0.001171;0.001149;0.001143;0.001126;0.001114;0.001100;0.001086;0.001067;0.001059;0.001058;0.001042;0.001036;0.001019;0.001013;0.001004;0.000976;0.000973;0.000966;0.000948;0.000940;0.000933;0.000924;0.000913;0.000902;0.000899;0.000891;0.000887;0.000868;0.000850;0.000843;0.000837;0.000830;0.000822;0.000811;0.000804;0.000786;0.000781;0.000766;0.000763;0.000756;0.000749;0.000740;0.000735;0.000725;0.000719;0.000708;0.000705;0.000694;0.000684;0.000678;0.000676;0.000668;0.000656;0.000643;0.000633;0.000621;0.000611;0.000600;0.000598;0.000591;0.000578;0.000574;0.000566;0.000562;0.000551;0.000547;0.000539;0.000533;0.000529;0.000515;0.000508;0.000505;0.000501;0.000493;0.000490;0.000479;0.000469;0.000461;0.000457;0.000443;0.000440;0.000437;0.000416;0.000415;0.000408;0.000400;0.000393;0.000392;0.000387;0.000380;0.000377;0.000368;0.000364;0.000360;0.000348;0.000342;0.000337;0.000333;0.000330;0.000321;0.000312;0.000308;0.000301;0.000297;0.000286;0.000282;0.000278;0.000270;0.000265;0.000261;0.000249;0.000249;0.000241;0.000235;0.000229;0.000228;0.000217;0.000211;0.000203;0.000201;0.000192;0.000189;0.000189;0.000183;0.000172;0.000166;0.000162;0.000160;0.000157;0.000144;0.000139;0.000136;0.000133;0.000124;0.000119;0.000115;0.000107;0.000105;0.000101;0.000097;0.000091;0.000088;0.000081;0.000075;0.000069;0.000066;0.000064;0.000060;0.000054;0.000049;0.000046;0.000038;0.000035;0.000032;0.000027;0.000025;0.000018;0.000016;0.000013;0.000007;0.000004;0.000001
00640;0.436863;0.087946;0.022152;0.020022;0.010027;0.008177;0.007410;0.006593;0.004957;0.004401;0.003991;0.003670;0.003448;0.003129;0.002993;0.002513;0.002229;0.002161;0.002012;0.001884;0.001869;0.001762;0.001638;0.001611;0.001538;0.001468;0.001416;0.001389;0.001379;0.001337;0.001310;0.001299;0.001264;0.001239;0.001224;0.001207;0.001184;0.001171;0.001153;0.001143;0.001116;0.001109;0.001100;0.001090;0.001076;0.001058;0.001049;0.001033;0.001029;0.001020;0.001001;0.000994;0.000983;0.000979;0.000969;0.000956;0.000935;0.000926;0.000914;0.000907;0.000897;0.000893;0.000877;0.000869;0.000854;0.000841;0.000840;0.000826;0.000825;0.000818;0.000808;0.000799;0.000790;0.000776;0.000766;0.000762;0.000756;0.000746;0.000742;0.000738;0.000728;0.000719;0.000708;0.000697;0.000688;0.000675;0.000663;0.000657;0.000650;0.000645;0.000640;0.000638;0.000625;0.000619;0.000608;0.000601;0.000598;0.000578;0.000573;0.000567;0.000564;0.000555;0.000551;0.000542;0.000534;0.000525;0.000518;0.000514;0.000508;0.000503;0.000490;0.000475;0.000471;0.000469;0.000462;0.000455;0.000453;0.000452;0.000440;0.000435;0.000432;0.000415;0.000403;0.000398;0.000390;0.000386;0.000377;0.000373;0.000360;0.000357;0.000355;0.000346;0.000344;0.000341;0.000331;0.000328;0.000318;0.000318;0.000314;0.000305;0.000301;0.000299;0.000289;0.000277;0.000276;0.000275;0.000266;0.000264;0.000255;0.000243;0.000237;0.000235;0.000226;0.000220;0.000215;0.000207;0.000205;0.000198;0.000192;0.000190;0.000180;0.000178;0.000175;0.000160;0.000157;0.000150;0.000144;0.000141;0.000133;0.000129;0.000128;0.000124;0.000115;0.000110;0.000105;0.000099;0.000097;0.000089;0.000085;0.000082;0.000078;0.000073;0.000070;0.000068;0.000064;0.000059;0.000058;0.000048;0.000047;0.000043;0.000036;0.000032;0.000031;0.000024;0.000019;0.000017;0.000014;0.000009;0.000007;0.000003
00650;0.436923;0.087967;0.022150;0.020029;0.010045;0.008172;0.007410;0.006590;0.004962;0.004403;0.003981;0.003658;0.003439;0.003119;0.002985;0.002517;0.002210;0.002146;0.002003;0.001880;0.001871;0.001759;0.001655;0.001608;0.001544;0.001469;0.001414;0.001384;0.001375;0.001328;0.001316;0.001279;0.001259;0.001240;0.001222;0.001196;0.001176;0.001155;0.001143;0.001131;0.001111;0.001097;0.001092;0.001078;0.001072;0.001055;0.001042;0.001038;0.001021;0.001007;0.000999;0.000986;0.000985;0.000966;0.000956;0.000948;0.000943;0.000933;0.000915;0.000904;0.000891;0.000880;0.000876;0.000865;0.000852;0.000842;0.000826;0.000822;0.000818;0.000813;0.000804;0.000794;0.000787;0.000772;0.000765;0.000759;0.000749;0.000745;0.000738;0.000728;0.000723;0.000708;0.000703;0.000689;0.000680;0.000671;0.000663;0.000654;0.000647;0.000642;0.000638;0.000627;0.000612;0.000609;0.000602;0.000594;0.000592;0.000586;0.000574;0.000566;0.000545;0.000544;0.000543;0.000531;0.000530;0.000516;0.000507;0.000502;0.000496;0.000492;0.000487;0.000486;0.000472;0.000468;0.000466;0.000454;0.000451;0.000443;0.000441;0.000437;0.000428;0.000415;0.000413;0.000400;0.000398;0.000386;0.000385;0.000382;0.000366;0.000359;0.000356;0.000355;0.000348;0.000341;0.000337;0.000325;0.000318;0.000314;0.000311;0.000305;0.000298;0.000292;0.000290;0.000284;0.000283;0.000270;0.000266;0.000259;0.000254;0.000246;0.000240;0.000229;0.000221;0.000220;0.000212;0.000207;0.000203;0.000200;0.000190;0.000177;0.000171;0.000167;0.000165;0.000158;0.000155;0.000147;0.000145;0.000140;0.000137;0.000133;0.000125;0.000122;0.000117;0.000115;0.000106;0.000103;0.000098;0.000093;0.000089;0.000076;0.000074;0.000070;0.000069;0.000065;0.000064;0.000056;0.000053;0.000047;0.000045;0.000038;0.000033;0.000031;0.000028;0.000027;0.000024;0.000019;0.000015;0.000010;0.000004;0.000002
00660;0.437008;0.087997;0.022151;0.020030;0.010047;0.008175;0.007415;0.006594;0.004951;0.004409;0.003985;0.003656;0.003431;0.003119;0.002991;0.002511;0.002230;0.002145;0.001991;0.001880;0.001859;0.001753;0.001632;0.001595;0.001528;0.001458;0.001406;0.001371;0.001364;0.001337;0.001313;0.001248;0.001238;0.001233;0.001214;0.001193;0.001181;0.001159;0.001146;0.001117;0.001098;0.001084;0.001070;0.001070;0.001057;0.001049;0.001044;0.001036;0.001026;0.001006;0.000998;0.000972;0.000968;0.000961;0.000944;0.000936;0.000924;0.000918;0.000903;0.000896;0.000886;0.000879;0.000864;0.000851;0.000840;0.000834;0.000826;0.000813;0.000803;0.000794;0.000792;0.000791;0.000776;0.000769;0.000761;0.000754;0.000750;0.000738;0.000725;0.000720;0.000709;0.000708;0.000697;0.000684;0.000674;0.000667;0.000658;0.000645;0.000642;0.000636;0.000621;0.000616;0.000613;0.000606;0.000600;0.000591;0.000586;0.000575;0.000567;0.000565;0.000559;0.000554;0.000539;0.000530;0.000518;0.000516;0.000511;0.000504;0.000501;0.000492;0.000489;0.000482;0.000471;0.000466;0.000462;0.000451;0.000447;0.000440;0.000432;0.000423;0.000416;0.000410;0.000401;0.000399;0.000389;0.000386;0.000382;0.000379;0.000373;0.000364;0.000361;0.000358;0.000341;0.000339;0.000333;0.000331;0.000323;0.000316;0.000304;0.000303;0.000295;0.000290;0.000286;0.000276;0.000275;0.000271;0.000263;0.000254;0.000252;0.000243;0.000240;0.000234;0.000230;0.000219;0.000217;0.000209;0.000207;0.000204;0.000198;0.000186;0.000178;0.000171;0.000167;0.000162;0.000156;0.000152;0.000144;0.000141;0.000132;0.000125;0.000124;0.000116;0.000111;0.000109;0.000103;0.000101;0.000093;0.000089;0.000085;0.000081;0.000074;0.000072;0.000068;0.000064;0.000061;0.000054;0.000049;0.000045;0.000041;0.000039;0.000036;0.000033;0.000030;0.000025;0.000018;0.000013;0.000011;0.000007;0.000005;0.000001
00670;0.437080;0.088004;0.022149;0.020015;0.010044;0.008169;0.007409;0.006599;0.004934;0.004400;0.003990;0.003653;0.003446;0.003124;0.002984;0.002502;0.002212;0.002142;0.001992;0.001882;0.001863;0.001759;0.001635;0.001616;0.001530;0.001452;0.001395;0.001369;0.001356;0.001335;0.001302;0.001258;0.001239;0.001232;0.001207;0.001188;0.001175;0.001145;0.001137;0.001104;0.001090;0.001079;0.001074;0.001065;0.001053;0.001040;0.001038;0.001031;0.001014;0.001000;0.000996;0.000981;0.000966;0.000964;0.000940;0.000937;0.000933;0.000926;0.000901;0.000898;0.000897;0.000879;0.000863;0.000846;0.000834;0.000829;0.000824;0.000809;0.000805;0.000802;0.000798;0.000774;0.000771;0.000768;0.000761;0.000743;0.000740;0.000734;0.000719;0.000712;0.000700;0.000698;0.000681;0.000673;0.000667;0.000657;0.000655;0.000649;0.000638;0.000635;0.000628;0.000611;0.000608;0.000605;0.000594;0.000584;0.000582;0.000571;0.000568;0.000566;0.000558;0.000551;0.000538;0.000525;0.000523;0.000514;0.000502;0.000498;0.000490;0.000484;0.000482;0.000477;0.000468;0.000458;0.000455;0.000447;0.000441;0.000435;0.000420;0.000420;0.000411;0.000408;0.000406;0.000394;0.000390;0.000388;0.000375;0.000371;0.000363;0.000360;0.000354;0.000346;0.000342;0.000332;0.000326;0.000321;0.000315;0.000309;0.000302;0.000301;0.000294;0.000283;0.000282;0.000279;0.000266;0.000266;0.000261;0.000249;0.000245;0.000236;0.000233;0.000227;0.000221;0.000219;0.000213;0.000212;0.000209;0.000204;0.000199;0.000188;0.000177;0.000170;0.000163;0.000161;0.000156;0.000150;0.000146;0.000142;0.000127;0.000124;0.000118;0.000114;0.000105;0.000103;0.000096;0.000092;0.000090;0.000084;0.000081;0.000075;0.000070;0.000068;0.000064;0.000064;0.000058;0.000054;0.000051;0.000046;0.000037;0.000035;0.000032;0.000030;0.000026;0.000021;0.000019;0.000013;0.000012;0.000005;0.000004;0.000001
00680;0.437140;0.088016;0.022155;0.020015;0.010049;0.008171;0.007416;0.006604;0.004937;0.004411;0.003974;0.003647;0.003431;0.003128;0.002985;0.002511;0.002216;0.002127;0.001997;0.001891;0.001862;0.001763;0.001640;0.001601;0.001506;0.001429;0.001405;0.001368;0.001339;0.001320;0.001296;0.001254;0.001229;0.001212;0.001191;0.001182;0.001167;0.001148;0.001120;0.001099;0.001093;0.001076;0.001074;0.001063;0.001043;0.001036;0.001031;0.001021;0.001016;0.001000;0.000983;0.000963;0.000958;0.000953;0.000935;0.000934;0.000924;0.000911;0.000896;0.000891;0.000888;0.000860;0.000853;0.000850;0.000834;0.000823;0.000818;0.000807;0.000800;0.000789;0.000785;0.000772;0.000767;0.000762;0.000743;0.000740;0.000733;0.000726;0.000717;0.000706;0.000703;0.000694;0.000686;0.000676;0.000669;0.000661;0.000654;0.000640;0.000635;0.000627;0.000623;0.000617;0.000615;0.000607;0.000600;0.000590;0.000582;0.000579;0.000561;0.000555;0.000544;0.000538;0.000531;0.000518;0.000516;0.000508;0.000500;0.000499;0.000492;0.000488;0.000478;0.000475;0.000467;0.000466;0.000451;0.000449;0.000441;0.000430;0.000423;0.000419;0.000414;0.000408;0.000399;0.000398;0.000387;0.000385;0.000374;0.000370;0.000369;0.000357;0.000354;0.000343;0.000342;0.000335;0.000331;0.000324;0.000321;0.000315;0.000306;0.000302;0.000294;0.000286;0.000283;0.000277;0.000270;0.000262;0.000259;0.000251;0.000248;0.000237;0.000232;0.000228;0.000221;0.000215;0.000212;0.000207;0.000203;0.000192;0.000187;0.000186;0.000181;0.000169;0.000164;0.000154;0.000149;0.000148;0.000142;0.000141;0.000139;0.000126;0.000124;0.000111;0.000102;0.000099;0.000097;0.000094;0.000088;0.000084;0.000083;0.000077;0.000074;0.000069;0.000064;0.000064;0.000060;0.000055;0.000053;0.000049;0.000042;0.000039;0.000037;0.000032;0.000027;0.000022;0.000019;0.000014;0.000011;0.000008;0.000004;0.000001
00690;0.437210;0.088022;0.022165;0.020017;0.010051;0.008172;0.007408;0.006616;0.004928;0.004427;0.003967;0.003651;0.003445;0.003136;0.002969;0.002505;0.002220;0.002135;0.001997;0.001868;0.001856;0.001747;0.001626;0.001596;0.001520;0.001436;0.001414;0.001359;0.001346;0.001323;0.001278;0.001244;0.001219;0.001207;0.001185;0.001159;0.001146;0.001138;0.001114;0.001095;0.001085;0.001081;0.001077;0.001057;0.001053;0.001042;0.001025;0.001017;0.001003;0.000994;0.000983;0.000958;0.000954;0.000953;0.000933;0.000923;0.000913;0.000898;0.000893;0.000882;0.000874;0.000865;0.000859;0.000844;0.000832;0.000822;0.000809;0.000800;0.000795;0.000787;0.000770;0.000767;0.000759;0.000752;0.000750;0.000743;0.000732;0.000731;0.000721;0.000707;0.000693;0.000679;0.000679;0.000669;0.000658;0.000657;0.000651;0.000638;0.000632;0.000627;0.000623;0.000616;0.000598;0.000597;0.000595;0.000583;0.000574;0.000572;0.000555;0.000550;0.000540;0.000535;0.000525;0.000524;0.000516;0.000510;0.000503;0.000495;0.000485;0.000481;0.000475;0.000467;0.000457;0.000453;0.000443;0.000437;0.000435;0.000427;0.000425;0.000419;0.000410;0.000402;0.000397;0.000393;0.000386;0.000378;0.000374;0.000369;0.000362;0.000355;0.000346;0.000341;0.000333;0.000331;0.000329;0.000325;0.000316;0.000311;0.000301;0.000294;0.000293;0.000289;0.000284;0.000279;0.000268;0.000266;0.000250;0.000246;0.000238;0.000236;0.000230;0.000223;0.000220;0.000217;0.000210;0.000200;0.000190;0.000190;0.000183;0.000178;0.000172;0.000164;0.000159;0.000155;0.000152;0.000141;0.000138;0.000136;0.000132;0.000123;0.000116;0.000111;0.000108;0.000101;0.000100;0.000094;0.000093;0.000088;0.000086;0.000081;0.000076;0.000072;0.000069;0.000061;0.000054;0.000052;0.000046;0.000044;0.000039;0.000038;0.000030;0.000029;0.000022;0.000020;0.000017;0.000015;0.000011;0.000007;0.000004;0.000001
00700;0.437277;0.088037;0.022166;0.020021;0.010057;0.008164;0.007398;0.006615;0.004927;0.004430;0.003960;0.003653;0.003436;0.003142;0.002965;0.002492;0.002216;0.002131;0.001982;0.001865;0.001858;0.001736;0.001628;0.001604;0.001508;0.001431;0.001395;0.001355;0.001331;0.001314;0.001258;0.001241;0.001217;0.001201;0.001174;0.001156;0.001145;0.001126;0.001108;0.001089;0.001078;0.001072;0.001056;0.001050;0.001048;0.001041;0.001024;0.001007;0.001003;0.000987;0.000979;0.000952;0.000946;0.000935;0.000930;0.000917;0.000909;0.000897;0.000884;0.000880;0.000878;0.000857;0.000849;0.000844;0.000836;0.000817;0.000807;0.000802;0.000789;0.000784;0.000770;0.000762;0.000758;0.000749;0.000745;0.000730;0.000725;0.000713;0.000707;0.000696;0.000688;0.000684;0.000670;0.000667;0.000660;0.000657;0.000645;0.000641;0.000629;0.000625;0.000615;0.000613;0.000604;0.000602;0.000588;0.000585;0.000576;0.000574;0.000558;0.000544;0.000540;0.000537;0.000523;0.000520;0.000515;0.000509;0.000506;0.000493;0.000485;0.000482;0.000475;0.000468;0.000461;0.000454;0.000442;0.000438;0.000432;0.000428;0.000419;0.000414;0.000412;0.000404;0.000398;0.000392;0.000380;0.000378;0.000373;0.000369;0.000361;0.000352;0.000344;0.000341;0.000335;0.000330;0.000320;0.000316;0.000311;0.000302;0.000299;0.000291;0.000283;0.000281;0.000279;0.000265;0.000263;0.000256;0.000251;0.000246;0.000235;0.000230;0.000229;0.000224;0.000223;0.000214;0.000207;0.000202;0.000199;0.000190;0.000180;0.000173;0.000169;0.000164;0.000163;0.000153;0.000150;0.000146;0.000142;0.000135;0.000126;0.000124;0.000119;0.000112;0.000111;0.000103;0.000101;0.000096;0.000092;0.000091;0.000078;0.000075;0.000069;0.000066;0.000063;0.000058;0.000056;0.000052;0.000050;0.000049;0.000046;0.000039;0.000036;0.000030;0.000027;0.000023;0.000020;0.000016;0.000012;0.000008;0.000004;0.000002
00710;0.437330;0.088040;0.022166;0.020031;0.010062;0.008170;0.007394;0.006606;0.004932;0.004428;0.003948;0.003649;0.003452;0.003126;0.002966;0.002490;0.002216;0.002135;0.001996;0.001876;0.001859;0.001735;0.001621;0.001599;0.001512;0.001417;0.001380;0.001342;0.001322;0.001307;0.001260;0.001249;0.001221;0.001198;0.001156;0.001152;0.001130;0.001119;0.001098;0.001086;0.001069;0.001062;0.001054;0.001041;0.001028;0.001019;0.001012;0.001005;0.000981;0.000976;0.000954;0.000952;0.000936;0.000933;0.000926;0.000912;0.000902;0.000891;0.000887;0.000868;0.000862;0.000851;0.000842;0.000833;0.000822;0.000812;0.000803;0.000796;0.000784;0.000769;0.000764;0.000755;0.000747;0.000739;0.000728;0.000722;0.000716;0.000708;0.000701;0.000692;0.000686;0.000676;0.000666;0.000655;0.000653;0.000642;0.000636;0.000629;0.000623;0.000615;0.000606;0.000602;0.000595;0.000586;0.000580;0.000577;0.000571;0.000563;0.000554;0.000543;0.000537;0.000531;0.000527;0.000520;0.000513;0.000506;0.000497;0.000486;0.000484;0.000482;0.000475;0.000471;0.000463;0.000454;0.000453;0.000442;0.000433;0.000431;0.000418;0.000412;0.000406;0.000394;0.000389;0.000379;0.000372;0.000367;0.000359;0.000354;0.000351;0.000345;0.000336;0.000332;0.000325;0.000321;0.000317;0.000309;0.000305;0.000299;0.000297;0.000289;0.000286;0.000273;0.000269;0.000263;0.000261;0.000256;0.000252;0.000247;0.000239;0.000236;0.000226;0.000223;0.000219;0.000210;0.000209;0.000205;0.000197;0.000195;0.000187;0.000176;0.000168;0.000167;0.000162;0.000158;0.000152;0.000147;0.000144;0.000136;0.000128;0.000120;0.000119;0.000115;0.000110;0.000105;0.000102;0.000097;0.000093;0.000090;0.000082;0.000078;0.000073;0.000068;0.000065;0.000062;0.000060;0.000054;0.000054;0.000048;0.000046;0.000043;0.000032;0.000030;0.000026;0.000022;0.000016;0.000016;0.000011;0.000007;0.000003;0.000002
00720;0.437398;0.088056;0.022170;0.020041;0.010049;0.008165;0.007399;0.006612;0.004930;0.004435;0.003958;0.003636;0.003451;0.003127;0.002957;0.002478;0.002206;0.002127;0.002003;0.001883;0.001850;0.001737;0.001615;0.001594;0.001510;0.001409;0.001373;0.001331;0.001305;0.001291;0.001252;0.001234;0.001215;0.001200;0.001159;0.001133;0.001126;0.001117;0.001101;0.001080;0.001076;0.001066;0.001052;0.001037;0.001033;0.001016;0.001008;0.000991;0.000980;0.000971;0.000952;0.000945;0.000937;0.000922;0.000915;0.000906;0.000895;0.000892;0.000879;0.000870;0.000863;0.000850;0.000843;0.000829;0.000814;0.000806;0.000799;0.000792;0.000777;0.000772;0.000762;0.000746;0.000742;0.000740;0.000736;0.000727;0.000713;0.000706;0.000692;0.000684;0.000682;0.000675;0.000668;0.000662;0.000653;0.000644;0.000640;0.000635;0.000628;0.000619;0.000615;0.000598;0.000592;0.000583;0.000578;0.000569;0.000563;0.000560;0.000549;0.000538;0.000536;0.000528;0.000518;0.000513;0.000511;0.000500;0.000493;0.000489;0.000484;0.000478;0.000470;0.000462;0.000458;0.000451;0.000444;0.000434;0.000430;0.000425;0.000419;0.000413;0.000400;0.000393;0.000389;0.000385;0.000377;0.000370;0.000361;0.000359;0.000349;0.000342;0.000342;0.000334;0.000327;0.000321;0.000310;0.000304;0.000302;0.000297;0.000288;0.000284;0.000278;0.000276;0.000268;0.000268;0.000262;0.000256;0.000247;0.000242;0.000241;0.000236;0.000234;0.000227;0.000218;0.000211;0.000203;0.000199;0.000196;0.000191;0.000184;0.000175;0.000171;0.000166;0.000162;0.000158;0.000154;0.000143;0.000141;0.000134;0.000129;0.000122;0.000119;0.000115;0.000109;0.000106;0.000101;0.000093;0.000089;0.000087;0.000084;0.000082;0.000074;0.000074;0.000070;0.000064;0.000061;0.000056;0.000052;0.000046;0.000045;0.000041;0.000036;0.000033;0.000030;0.000026;0.000020;0.000015;0.000012;0.000009;0.000006;0.000001
00730;0.437464;0.088075;0.022163;0.020046;0.010042;0.008164;0.007403;0.006617;0.004921;0.004438;0.003959;0.003644;0.003457;0.003138;0.002961;0.002481;0.002212;0.002124;0.001980;0.001881;0.001853;0.001750;0.001619;0.001584;0.001503;0.001408;0.001368;0.001313;0.001304;0.001288;0.001250;0.001236;0.001196;0.001181;0.001154;0.001137;0.001123;0.001111;0.001095;0.001085;0.001073;0.001048;0.001047;0.001032;0.001012;0.001010;0.000989;0.000983;0.000981;0.000976;0.000948;0.000936;0.000933;0.000915;0.000910;0.000905;0.000902;0.000887;0.000880;0.000866;0.000862;0.000844;0.000831;0.000815;0.000812;0.000802;0.000796;0.000788;0.000775;0.000769;0.000758;0.000754;0.000738;0.000735;0.000719;0.000717;0.000703;0.000695;0.000690;0.000685;0.000675;0.000662;0.000656;0.000651;0.000649;0.000637;0.000630;0.000622;0.000617;0.000613;0.000607;0.000605;0.000592;0.000589;0.000577;0.000574;0.000555;0.000552;0.000548;0.000543;0.000533;0.000531;0.000519;0.000507;0.000504;0.000499;0.000488;0.000484;0.000480;0.000476;0.000461;0.000457;0.000450;0.000446;0.000441;0.000437;0.000425;0.000419;0.000419;0.000413;0.000407;0.000397;0.000394;0.000385;0.000379;0.000365;0.000360;0.000358;0.000357;0.000350;0.000341;0.000339;0.000322;0.000318;0.000315;0.000308;0.000299;0.000291;0.000289;0.000281;0.000279;0.000274;0.000273;0.000264;0.000259;0.000252;0.000245;0.000238;0.000234;0.000233;0.000224;0.000215;0.000212;0.000206;0.000206;0.000199;0.000192;0.000192;0.000182;0.000178;0.000171;0.000167;0.000159;0.000153;0.000150;0.000137;0.000136;0.000132;0.000128;0.000124;0.000116;0.000114;0.000111;0.000107;0.000103;0.000100;0.000087;0.000084;0.000081;0.000078;0.000072;0.000070;0.000068;0.000063;0.000062;0.000057;0.000051;0.000045;0.000042;0.000037;0.000034;0.000031;0.000025;0.000022;0.000021;0.000015;0.000011;0.000008;0.000004;0.000001
00740;0.437535;0.088092;0.022163;0.020055;0.010058;0.008158;0.007409;0.006615;0.004915;0.004433;0.003961;0.003648;0.003454;0.003149;0.002960;0.002468;0.002206;0.002131;0.001975;0.001878;0.001849;0.001741;0.001621;0.001583;0.001504;0.001412;0.001355;0.001307;0.001296;0.001288;0.001247;0.001231;0.001193;0.001181;0.001137;0.001136;0.001124;0.001109;0.001095;0.001076;0.001067;0.001043;0.001032;0.001028;0.001017;0.001006;0.000990;0.000981;0.000969;0.000961;0.000952;0.000932;0.000927;0.000919;0.000910;0.000894;0.000886;0.000885;0.000879;0.000862;0.000845;0.000837;0.000829;0.000819;0.000811;0.000796;0.000792;0.000784;0.000776;0.000770;0.000756;0.000752;0.000741;0.000736;0.000727;0.000722;0.000714;0.000700;0.000686;0.000676;0.000670;0.000667;0.000653;0.000650;0.000641;0.000637;0.000629;0.000623;0.000620;0.000605;0.000603;0.000600;0.000592;0.000576;0.000571;0.000564;0.000552;0.000550;0.000538;0.000534;0.000525;0.000522;0.000516;0.000509;0.000502;0.000497;0.000495;0.000489;0.000479;0.000477;0.000461;0.000454;0.000451;0.000443;0.000431;0.000428;0.000427;0.000421;0.000409;0.000405;0.000400;0.000394;0.000392;0.000382;0.000374;0.000373;0.000364;0.000353;0.000351;0.000346;0.000336;0.000332;0.000323;0.000313;0.000306;0.000298;0.000292;0.000291;0.000286;0.000281;0.000279;0.000266;0.000266;0.000261;0.000258;0.000247;0.000244;0.000239;0.000232;0.000222;0.000221;0.000217;0.000210;0.000205;0.000204;0.000197;0.000192;0.000188;0.000183;0.000180;0.000167;0.000166;0.000163;0.000157;0.000151;0.000143;0.000138;0.000133;0.000127;0.000120;0.000119;0.000114;0.000111;0.000103;0.000099;0.000097;0.000088;0.000084;0.000081;0.000078;0.000073;0.000068;0.000068;0.000063;0.000058;0.000052;0.000050;0.000045;0.000040;0.000038;0.000032;0.000030;0.000024;0.000019;0.000018;0.000012;0.000011;0.000007;0.000005;0.000004
00750;0.437592;0.088099;0.022167;0.020064;0.010073;0.008169;0.007408;0.006604;0.004911;0.004426;0.003956;0.003651;0.003469;0.003139;0.002957;0.002452;0.002214;0.002108;0.001962;0.001905;0.001836;0.001740;0.001607;0.001593;0.001495;0.001415;0.001358;0.001305;0.001283;0.001272;0.001231;0.001216;0.001179;0.001177;0.001135;0.001121;0.001109;0.001097;0.001082;0.001070;0.001064;0.001043;0.001030;0.001026;0.001012;0.001005;0.000978;0.000976;0.000972;0.000956;0.000944;0.000935;0.000921;0.000911;0.000907;0.000902;0.000900;0.000883;0.000880;0.000856;0.000841;0.000826;0.000825;0.000811;0.000804;0.000791;0.000780;0.000776;0.000766;0.000759;0.000757;0.000741;0.000739;0.000731;0.000713;0.000706;0.000702;0.000696;0.000688;0.000680;0.000671;0.000661;0.000659;0.000646;0.000636;0.000633;0.000630;0.000623;0.000616;0.000603;0.000598;0.000594;0.000590;0.000573;0.000569;0.000561;0.000553;0.000548;0.000541;0.000534;0.000524;0.000519;0.000515;0.000507;0.000505;0.000497;0.000492;0.000483;0.000473;0.000469;0.000465;0.000454;0.000450;0.000441;0.000435;0.000431;0.000428;0.000413;0.000407;0.000402;0.000397;0.000391;0.000383;0.000375;0.000373;0.000367;0.000361;0.000353;0.000348;0.000341;0.000337;0.000332;0.000327;0.000316;0.000312;0.000304;0.000297;0.000291;0.000286;0.000279;0.000273;0.000268;0.000266;0.000255;0.000247;0.000246;0.000241;0.000235;0.000230;0.000224;0.000223;0.000217;0.000211;0.000209;0.000200;0.000197;0.000188;0.000184;0.000177;0.000175;0.000169;0.000162;0.000159;0.000153;0.000146;0.000138;0.000136;0.000129;0.000126;0.000120;0.000117;0.000109;0.000104;0.000100;0.000096;0.000094;0.000086;0.000082;0.000081;0.000077;0.000070;0.000069;0.000062;0.000058;0.000054;0.000050;0.000048;0.000043;0.000040;0.000035;0.000034;0.000031;0.000025;0.000022;0.000018;0.000015;0.000007;0.000006;0.000003;0.000001
00760;0.437647;0.088105;0.022176;0.020055;0.010077;0.008158;0.007406;0.006605;0.004905;0.004426;0.003963;0.003644;0.003468;0.003144;0.002961;0.002466;0.002204;0.002114;0.001969;0.001909;0.001831;0.001741;0.001604;0.001594;0.001495;0.001396;0.001378;0.001296;0.001273;0.001268;0.001232;0.001199;0.001182;0.001159;0.001132;0.001130;0.001103;0.001092;0.001086;0.001080;0.001066;0.001042;0.001015;0.001011;0.001008;0.000996;0.000979;0.000973;0.000959;0.000950;0.000934;0.000928;0.000908;0.000905;0.000889;0.000878;0.000870;0.000867;0.000864;0.000853;0.000849;0.000821;0.000815;0.000811;0.000800;0.000790;0.000787;0.000774;0.000767;0.000757;0.000747;0.000746;0.000735;0.000733;0.000720;0.000708;0.000702;0.000693;0.000684;0.000680;0.000667;0.000655;0.000653;0.000641;0.000636;0.000628;0.000624;0.000618;0.000611;0.000608;0.000604;0.000594;0.000584;0.000568;0.000566;0.000558;0.000546;0.000540;0.000537;0.000528;0.000517;0.000511;0.000509;0.000505;0.000494;0.000491;0.000484;0.000482;0.000466;0.000463;0.000456;0.000455;0.000441;0.000437;0.000436;0.000424;0.000422;0.000410;0.000406;0.000394;0.000394;0.000392;0.000384;0.000380;0.000374;0.000363;0.000359;0.000353;0.000349;0.000337;0.000333;0.000329;0.000319;0.000316;0.000307;0.000295;0.000294;0.000286;0.000282;0.000274;0.000273;0.000265;0.000261;0.000256;0.000252;0.000245;0.000240;0.000240;0.000233;0.000227;0.000222;0.000217;0.000216;0.000210;0.000205;0.000199;0.000193;0.000185;0.000183;0.000181;0.000175;0.000167;0.000157;0.000152;0.000146;0.000143;0.000141;0.000133;0.000128;0.000125;0.000122;0.000117;0.000109;0.000102;0.000098;0.000094;0.000090;0.000088;0.000084;0.000083;0.000070;0.000068;0.000064;0.000063;0.000056;0.000055;0.000052;0.000049;0.000044;0.000042;0.000035;0.000029;0.000025;0.000020;0.000017;0.000015;0.000009;0.000004;0.000004;0.000002
00770;0.437722;0.088107;0.022187;0.020061;0.010075;0.008154;0.007406;0.006594;0.004896;0.004432;0.003971;0.003644;0.003458;0.003130;0.002961;0.002442;0.002215;0.002115;0.001976;0.001895;0.001840;0.001746;0.001612;0.001588;0.001499;0.001404;0.001366;0.001297;0.001271;0.001258;0.001224;0.001201;0.001173;0.001151;0.001136;0.001125;0.001113;0.001087;0.001073;0.001064;0.001046;0.001033;0.001019;0.001018;0.001012;0.000996;0.000968;0.000967;0.000953;0.000942;0.000938;0.000920;0.000906;0.000894;0.000890;0.000882;0.000881;0.000867;0.000865;0.000848;0.000838;0.000817;0.000816;0.000808;0.000796;0.000787;0.000787;0.000774;0.000764;0.000750;0.000744;0.000741;0.000726;0.000719;0.000714;0.000700;0.000697;0.000689;0.000678;0.000677;0.000666;0.000649;0.000646;0.000644;0.000636;0.000629;0.000625;0.000619;0.000612;0.000606;0.000604;0.000597;0.000578;0.000577;0.000568;0.000557;0.000548;0.000540;0.000536;0.000527;0.000526;0.000518;0.000514;0.000505;0.000500;0.000499;0.000487;0.000484;0.000476;0.000470;0.000461;0.000452;0.000448;0.000441;0.000431;0.000421;0.000415;0.000413;0.000406;0.000397;0.000391;0.000390;0.000385;0.000381;0.000369;0.000367;0.000354;0.000351;0.000346;0.000335;0.000328;0.000323;0.000320;0.000314;0.000309;0.000297;0.000287;0.000282;0.000281;0.000276;0.000274;0.000263;0.000259;0.000254;0.000251;0.000244;0.000239;0.000236;0.000228;0.000223;0.000221;0.000213;0.000206;0.000199;0.000198;0.000195;0.000191;0.000184;0.000177;0.000175;0.000168;0.000165;0.000158;0.000157;0.000144;0.000137;0.000137;0.000132;0.000129;0.000126;0.000121;0.000120;0.000110;0.000105;0.000100;0.000094;0.000090;0.000086;0.000083;0.000081;0.000076;0.000069;0.000064;0.000057;0.000057;0.000053;0.000050;0.000039;0.000037;0.000033;0.000031;0.000029;0.000027;0.000024;0.000020;0.000016;0.000013;0.000008;0.000003;0.000000
00780;0.437790;0.088108;0.022189;0.020068;0.010064;0.008158;0.007411;0.006591;0.004890;0.004436;0.003960;0.003643;0.003467;0.003127;0.002960;0.002450;0.002201;0.002096;0.001957;0.001896;0.001818;0.001744;0.001617;0.001596;0.001512;0.001404;0.001348;0.001283;0.001269;0.001246;0.001222;0.001206;0.001181;0.001142;0.001135;0.001124;0.001115;0.001087;0.001068;0.001063;0.001039;0.001028;0.001022;0.001007;0.000996;0.000990;0.000962;0.000947;0.000943;0.000941;0.000931;0.000921;0.000912;0.000889;0.000885;0.000876;0.000867;0.000862;0.000856;0.000834;0.000826;0.000820;0.000806;0.000803;0.000802;0.000784;0.000777;0.000767;0.000764;0.000751;0.000741;0.000732;0.000728;0.000709;0.000708;0.000698;0.000693;0.000691;0.000674;0.000672;0.000662;0.000651;0.000649;0.000640;0.000634;0.000631;0.000620;0.000614;0.000604;0.000599;0.000595;0.000588;0.000583;0.000577;0.000559;0.000555;0.000548;0.000540;0.000533;0.000526;0.000518;0.000516;0.000507;0.000501;0.000492;0.000486;0.000483;0.000478;0.000471;0.000465;0.000459;0.000451;0.000438;0.000433;0.000428;0.000425;0.000411;0.000407;0.000400;0.000387;0.000383;0.000379;0.000372;0.000369;0.000368;0.000359;0.000356;0.000349;0.000335;0.000331;0.000328;0.000323;0.000312;0.000306;0.000301;0.000295;0.000289;0.000287;0.000279;0.000272;0.000270;0.000263;0.000261;0.000258;0.000253;0.000248;0.000240;0.000236;0.000229;0.000214;0.000213;0.000205;0.000204;0.000202;0.000196;0.000194;0.000189;0.000184;0.000175;0.000173;0.000167;0.000160;0.000156;0.000155;0.000152;0.000146;0.000140;0.000133;0.000126;0.000119;0.000116;0.000112;0.000109;0.000105;0.000100;0.000097;0.000093;0.000085;0.000081;0.000077;0.000072;0.000070;0.000066;0.000062;0.000054;0.000051;0.000047;0.000043;0.000040;0.000036;0.000034;0.000029;0.000028;0.000021;0.000019;0.000018;0.000015;0.000007;0.000004;0.000002
00790;0.437853;0.088119;0.022190;0.020064;0.010073;0.008150;0.007403;0.006583;0.004903;0.004428;0.003966;0.003647;0.003449;0.003125;0.002941;0.002454;0.002193;0.002102;0.001969;0.001880;0.001823;0.001745;0.001606;0.001594;0.001511;0.001397;0.001344;0.001298;0.001257;0.001238;0.001232;0.001185;0.001175;0.001135;0.001126;0.001110;0.001106;0.001083;0.001062;0.001058;0.001041;0.001024;0.001008;0.000994;0.000993;0.000985;0.000965;0.000954;0.000938;0.000926;0.000918;0.000903;0.000895;0.000892;0.000872;0.000872;0.000865;0.000857;0.000844;0.000838;0.000832;0.000811;0.000807;0.000797;0.000785;0.000775;0.000772;0.000758;0.000757;0.000750;0.000748;0.000737;0.000727;0.000712;0.000707;0.000699;0.000682;0.000678;0.000675;0.000665;0.000653;0.000649;0.000645;0.000642;0.000636;0.000629;0.000616;0.000610;0.000605;0.000601;0.000582;0.000579;0.000574;0.000568;0.000560;0.000557;0.000549;0.000544;0.000532;0.000520;0.000514;0.000506;0.000500;0.000496;0.000493;0.000489;0.000476;0.000472;0.000461;0.000453;0.000447;0.000443;0.000434;0.000429;0.000427;0.000416;0.000416;0.000411;0.000404;0.000397;0.000387;0.000379;0.000375;0.000368;0.000366;0.000352;0.000346;0.000342;0.000338;0.000332;0.000330;0.000323;0.000317;0.000304;0.000304;0.000296;0.000291;0.000283;0.000276;0.000272;0.000267;0.000260;0.000259;0.000248;0.000247;0.000240;0.000239;0.000233;0.000230;0.000222;0.000216;0.000213;0.000206;0.000202;0.000196;0.000193;0.000189;0.000178;0.000177;0.000171;0.000168;0.000164;0.000156;0.000154;0.000149;0.000141;0.000136;0.000128;0.000122;0.000119;0.000115;0.000114;0.000109;0.000101;0.000097;0.000091;0.000087;0.000083;0.000078;0.000072;0.000071;0.000071;0.000066;0.000055;0.000055;0.000053;0.000047;0.000044;0.000042;0.000039;0.000034;0.000030;0.000026;0.000024;0.000021;0.000019;0.000008;0.000007;0.000007;0.000001
00800;0.437888;0.088132;0.022196;0.020073;0.010068;0.008152;0.007392;0.006591;0.004899;0.004429;0.003968;0.003636;0.003447;0.003122;0.002951;0.002429;0.002202;0.002105;0.001965;0.001879;0.001816;0.001741;0.001603;0.001591;0.001497;0.001395;0.001334;0.001305;0.001249;0.001232;0.001226;0.001180;0.001166;0.001139;0.001123;0.001111;0.001104;0.001071;0.001064;0.001035;0.001027;0.001021;0.001002;0.000991;0.000978;0.000971;0.000965;0.000946;0.000930;0.000922;0.000912;0.000899;0.000896;0.000881;0.000874;0.000866;0.000863;0.000858;0.000851;0.000837;0.000814;0.000808;0.000805;0.000785;0.000781;0.000778;0.000764;0.000752;0.000746;0.000740;0.000739;0.000733;0.000728;0.000716;0.000705;0.000692;0.000683;0.000679;0.000666;0.000661;0.000656;0.000653;0.000648;0.000635;0.000633;0.000620;0.000615;0.000612;0.000603;0.000601;0.000588;0.000571;0.000563;0.000562;0.000548;0.000545;0.000536;0.000532;0.000529;0.000516;0.000512;0.000508;0.000502;0.000496;0.000493;0.000487;0.000478;0.000470;0.000463;0.000455;0.000447;0.000440;0.000439;0.000431;0.000423;0.000415;0.000410;0.000402;0.000394;0.000388;0.000383;0.000382;0.000374;0.000365;0.000363;0.000350;0.000343;0.000340;0.000334;0.000323;0.000323;0.000319;0.000306;0.000299;0.000294;0.000292;0.000292;0.000285;0.000282;0.000277;0.000265;0.000262;0.000259;0.000254;0.000246;0.000243;0.000236;0.000231;0.000228;0.000223;0.000210;0.000207;0.000204;0.000200;0.000193;0.000187;0.000185;0.000182;0.000180;0.000174;0.000168;0.000160;0.000155;0.000149;0.000144;0.000143;0.000133;0.000129;0.000125;0.000120;0.000115;0.000109;0.000104;0.000100;0.000100;0.000094;0.000088;0.000082;0.000079;0.000076;0.000072;0.000065;0.000061;0.000059;0.000054;0.000050;0.000048;0.000041;0.000041;0.000035;0.000030;0.000028;0.000025;0.000020;0.000019;0.000013;0.000011;0.000006;0.000001;0.000001
00810;0.437951;0.088158;0.022195;0.020071;0.010078;0.008161;0.007398;0.006587;0.004902;0.004424;0.003967;0.003627;0.003443;0.003117;0.002951;0.002438;0.002187;0.002107;0.001947;0.001876;0.001824;0.001740;0.001600;0.001593;0.001511;0.001401;0.001339;0.001286;0.001248;0.001223;0.001215;0.001178;0.001157;0.001137;0.001112;0.001110;0.001093;0.001072;0.001061;0.001037;0.001022;0.001000;0.000994;0.000985;0.000976;0.000955;0.000950;0.000942;0.000928;0.000909;0.000897;0.000891;0.000883;0.000881;0.000876;0.000863;0.000857;0.000844;0.000838;0.000827;0.000815;0.000803;0.000797;0.000785;0.000778;0.000771;0.000769;0.000761;0.000747;0.000742;0.000738;0.000726;0.000722;0.000716;0.000696;0.000691;0.000683;0.000676;0.000670;0.000666;0.000654;0.000651;0.000640;0.000629;0.000623;0.000616;0.000614;0.000604;0.000596;0.000587;0.000581;0.000569;0.000565;0.000554;0.000548;0.000543;0.000538;0.000530;0.000527;0.000519;0.000513;0.000510;0.000503;0.000497;0.000494;0.000482;0.000474;0.000467;0.000466;0.000457;0.000455;0.000439;0.000433;0.000430;0.000418;0.000410;0.000406;0.000397;0.000390;0.000386;0.000375;0.000367;0.000364;0.000361;0.000356;0.000354;0.000342;0.000336;0.000329;0.000322;0.000319;0.000315;0.000312;0.000308;0.000304;0.000297;0.000289;0.000288;0.000279;0.000276;0.000266;0.000263;0.000256;0.000248;0.000246;0.000239;0.000234;0.000230;0.000224;0.000221;0.000215;0.000210;0.000208;0.000197;0.000195;0.000184;0.000181;0.000172;0.000170;0.000166;0.000161;0.000159;0.000157;0.000148;0.000143;0.000132;0.000130;0.000125;0.000121;0.000116;0.000112;0.000105;0.000100;0.000096;0.000095;0.000091;0.000088;0.000081;0.000079;0.000074;0.000071;0.000066;0.000061;0.000059;0.000055;0.000050;0.000043;0.000041;0.000039;0.000036;0.000031;0.000027;0.000025;0.000021;0.000018;0.000017;0.000012;0.000006;0.000004;0.000000
00820;0.438067;0.088174;0.022193;0.020068;0.010082;0.008158;0.007405;0.006583;0.004890;0.004420;0.003964;0.003635;0.003454;0.003122;0.002953;0.002429;0.002193;0.002112;0.001944;0.001872;0.001820;0.001733;0.001600;0.001581;0.001486;0.001377;0.001327;0.001283;0.001244;0.001223;0.001216;0.001166;0.001141;0.001136;0.001109;0.001088;0.001077;0.001059;0.001051;0.001046;0.001011;0.000988;0.000984;0.000972;0.000957;0.000951;0.000939;0.000935;0.000915;0.000900;0.000897;0.000889;0.000872;0.000865;0.000856;0.000853;0.000847;0.000839;0.000830;0.000815;0.000807;0.000801;0.000796;0.000790;0.000775;0.000771;0.000756;0.000750;0.000743;0.000739;0.000728;0.000724;0.000714;0.000696;0.000689;0.000684;0.000677;0.000667;0.000663;0.000652;0.000649;0.000637;0.000628;0.000623;0.000619;0.000608;0.000603;0.000598;0.000590;0.000581;0.000577;0.000570;0.000559;0.000550;0.000545;0.000536;0.000527;0.000526;0.000518;0.000512;0.000507;0.000505;0.000501;0.000491;0.000485;0.000476;0.000473;0.000467;0.000454;0.000450;0.000445;0.000444;0.000432;0.000425;0.000416;0.000410;0.000405;0.000395;0.000391;0.000381;0.000380;0.000373;0.000368;0.000365;0.000353;0.000347;0.000343;0.000336;0.000331;0.000323;0.000317;0.000314;0.000310;0.000303;0.000295;0.000290;0.000282;0.000274;0.000270;0.000265;0.000257;0.000256;0.000252;0.000247;0.000240;0.000239;0.000233;0.000225;0.000221;0.000212;0.000209;0.000207;0.000202;0.000199;0.000190;0.000186;0.000182;0.000178;0.000172;0.000170;0.000164;0.000155;0.000150;0.000147;0.000141;0.000135;0.000134;0.000130;0.000128;0.000121;0.000116;0.000113;0.000107;0.000100;0.000093;0.000089;0.000086;0.000083;0.000075;0.000068;0.000067;0.000065;0.000059;0.000056;0.000053;0.000046;0.000042;0.000041;0.000038;0.000036;0.000030;0.000029;0.000023;0.000020;0.000019;0.000014;0.000008;0.000007;0.000004;0.000001
00830;0.438102;0.088173;0.022199;0.020065;0.010086;0.008160;0.007412;0.006587;0.004903;0.004419;0.003961;0.003636;0.003446;0.003113;0.002954;0.002426;0.002195;0.002102;0.001939;0.001873;0.001815;0.001727;0.001600;0.001568;0.001476;0.001376;0.001327;0.001282;0.001238;0.001215;0.001199;0.001166;0.001127;0.001121;0.001111;0.001075;0.001065;0.001059;0.001036;0.001032;0.001019;0.000997;0.000978;0.000967;0.000960;0.000943;0.000931;0.000918;0.000914;0.000904;0.000902;0.000881;0.000875;0.000869;0.000861;0.000848;0.000841;0.000838;0.000824;0.000815;0.000806;0.000799;0.000795;0.000780;0.000769;0.000759;0.000748;0.000742;0.000735;0.000726;0.000722;0.000713;0.000704;0.000693;0.000682;0.000673;0.000667;0.000662;0.000656;0.000650;0.000640;0.000636;0.000632;0.000621;0.000615;0.000609;0.000603;0.000598;0.000586;0.000582;0.000570;0.000563;0.000561;0.000547;0.000541;0.000535;0.000527;0.000521;0.000516;0.000515;0.000507;0.000503;0.000494;0.000489;0.000484;0.000474;0.000472;0.000458;0.000456;0.000452;0.000439;0.000436;0.000423;0.000421;0.000416;0.000413;0.000405;0.000400;0.000387;0.000382;0.000370;0.000369;0.000360;0.000357;0.000350;0.000345;0.000336;0.000334;0.000325;0.000319;0.000311;0.000306;0.000301;0.000296;0.000291;0.000285;0.000281;0.000276;0.000266;0.000263;0.000258;0.000253;0.000248;0.000248;0.000244;0.000237;0.000232;0.000227;0.000219;0.000216;0.000210;0.000206;0.000196;0.000194;0.000192;0.000190;0.000180;0.000176;0.000171;0.000168;0.000162;0.000153;0.000151;0.000149;0.000143;0.000141;0.000134;0.000128;0.000126;0.000116;0.000115;0.000109;0.000103;0.000101;0.000097;0.000092;0.000088;0.000080;0.000076;0.000071;0.000070;0.000061;0.000059;0.000056;0.000054;0.000050;0.000047;0.000040;0.000039;0.000036;0.000033;0.000029;0.000024;0.000022;0.000019;0.000013;0.000010;0.000008;0.000005;0.000002
00840;0.438144;0.088189;0.022194;0.020068;0.010089;0.008162;0.007414;0.006584;0.004905;0.004410;0.003958;0.003629;0.003441;0.003112;0.002960;0.002426;0.002194;0.002107;0.001936;0.001869;0.001808;0.001729;0.001601;0.001563;0.001470;0.001378;0.001329;0.001277;0.001220;0.001211;0.001203;0.001165;0.001121;0.001109;0.001101;0.001081;0.001066;0.001060;0.001041;0.001027;0.001010;0.000983;0.000976;0.000962;0.000960;0.000943;0.000938;0.000921;0.000912;0.000907;0.000893;0.000879;0.000875;0.000861;0.000853;0.000851;0.000836;0.000827;0.000823;0.000812;0.000797;0.000792;0.000784;0.000772;0.000764;0.000762;0.000746;0.000740;0.000738;0.000728;0.000721;0.000711;0.000697;0.000689;0.000685;0.000677;0.000669;0.000665;0.000662;0.000650;0.000644;0.000633;0.000625;0.000620;0.000613;0.000604;0.000596;0.000587;0.000583;0.000571;0.000569;0.000563;0.000557;0.000549;0.000547;0.000529;0.000525;0.000520;0.000515;0.000503;0.000496;0.000495;0.000485;0.000482;0.000476;0.000472;0.000463;0.000462;0.000453;0.000448;0.000439;0.000427;0.000422;0.000416;0.000408;0.000405;0.000402;0.000394;0.000384;0.000376;0.000369;0.000364;0.000360;0.000352;0.000350;0.000340;0.000334;0.000330;0.000325;0.000324;0.000314;0.000308;0.000306;0.000298;0.000292;0.000288;0.000283;0.000275;0.000271;0.000263;0.000260;0.000254;0.000252;0.000248;0.000240;0.000234;0.000232;0.000226;0.000222;0.000220;0.000213;0.000208;0.000200;0.000195;0.000190;0.000182;0.000179;0.000176;0.000170;0.000165;0.000163;0.000155;0.000154;0.000153;0.000144;0.000134;0.000133;0.000123;0.000120;0.000118;0.000115;0.000108;0.000106;0.000104;0.000095;0.000093;0.000089;0.000084;0.000079;0.000076;0.000073;0.000066;0.000058;0.000056;0.000054;0.000050;0.000047;0.000045;0.000037;0.000036;0.000031;0.000027;0.000024;0.000023;0.000023;0.000015;0.000011;0.000010;0.000004;0.000000
00850;0.438190;0.088199;0.022193;0.020068;0.010085;0.008153;0.007415;0.006599;0.004922;0.004410;0.003970;0.003635;0.003449;0.003112;0.002957;0.002432;0.002192;0.002117;0.001933;0.001863;0.001822;0.001727;0.001599;0.001559;0.001484;0.001377;0.001325;0.001282;0.001212;0.001206;0.001193;0.001175;0.001140;0.001106;0.001100;0.001079;0.001063;0.001060;0.001040;0.001032;0.000995;0.000977;0.000971;0.000967;0.000944;0.000932;0.000925;0.000917;0.000909;0.000896;0.000890;0.000880;0.000860;0.000856;0.000848;0.000845;0.000834;0.000825;0.000820;0.000794;0.000788;0.000785;0.000783;0.000774;0.000767;0.000752;0.000747;0.000735;0.000729;0.000722;0.000713;0.000706;0.000696;0.000689;0.000681;0.000678;0.000675;0.000664;0.000651;0.000643;0.000639;0.000634;0.000624;0.000618;0.000614;0.000602;0.000600;0.000594;0.000585;0.000577;0.000567;0.000561;0.000550;0.000542;0.000539;0.000534;0.000522;0.000516;0.000511;0.000506;0.000502;0.000499;0.000488;0.000480;0.000477;0.000467;0.000462;0.000460;0.000453;0.000442;0.000430;0.000427;0.000418;0.000417;0.000412;0.000409;0.000398;0.000389;0.000382;0.000374;0.000360;0.000359;0.000351;0.000347;0.000345;0.000341;0.000335;0.000333;0.000323;0.000320;0.000315;0.000308;0.000301;0.000294;0.000291;0.000286;0.000279;0.000276;0.000270;0.000259;0.000255;0.000254;0.000249;0.000247;0.000238;0.000234;0.000229;0.000225;0.000222;0.000220;0.000215;0.000214;0.000207;0.000196;0.000191;0.000181;0.000179;0.000174;0.000173;0.000166;0.000157;0.000156;0.000149;0.000146;0.000139;0.000132;0.000129;0.000126;0.000120;0.000120;0.000116;0.000108;0.000104;0.000098;0.000094;0.000090;0.000081;0.000081;0.000073;0.000072;0.000068;0.000061;0.000060;0.000056;0.000056;0.000049;0.000046;0.000039;0.000037;0.000034;0.000030;0.000028;0.000024;0.000019;0.000015;0.000010;0.000009;0.000007;0.000002;0.000000
00860;0.438237;0.088192;0.022193;0.020064;0.010083;0.008166;0.007424;0.006586;0.004916;0.004412;0.003961;0.003644;0.003445;0.003113;0.002943;0.002431;0.002190;0.002114;0.001931;0.001870;0.001811;0.001718;0.001596;0.001551;0.001473;0.001369;0.001306;0.001292;0.001211;0.001192;0.001188;0.001163;0.001120;0.001109;0.001099;0.001076;0.001052;0.001038;0.001031;0.001016;0.000994;0.000987;0.000962;0.000958;0.000936;0.000926;0.000921;0.000917;0.000908;0.000895;0.000879;0.000875;0.000873;0.000847;0.000839;0.000836;0.000822;0.000816;0.000805;0.000801;0.000793;0.000785;0.000779;0.000763;0.000756;0.000751;0.000739;0.000725;0.000720;0.000718;0.000711;0.000701;0.000698;0.000692;0.000683;0.000671;0.000668;0.000657;0.000647;0.000640;0.000626;0.000620;0.000618;0.000616;0.000608;0.000601;0.000592;0.000582;0.000577;0.000575;0.000565;0.000557;0.000551;0.000542;0.000538;0.000531;0.000523;0.000518;0.000512;0.000504;0.000499;0.000492;0.000490;0.000479;0.000474;0.000468;0.000456;0.000452;0.000442;0.000437;0.000435;0.000425;0.000419;0.000417;0.000410;0.000404;0.000393;0.000385;0.000380;0.000376;0.000369;0.000359;0.000353;0.000350;0.000348;0.000339;0.000332;0.000324;0.000319;0.000313;0.000307;0.000304;0.000298;0.000296;0.000287;0.000284;0.000279;0.000272;0.000270;0.000261;0.000259;0.000251;0.000250;0.000245;0.000241;0.000232;0.000227;0.000223;0.000222;0.000215;0.000207;0.000199;0.000195;0.000189;0.000187;0.000183;0.000182;0.000176;0.000163;0.000161;0.000154;0.000151;0.000149;0.000149;0.000143;0.000136;0.000128;0.000126;0.000122;0.000118;0.000116;0.000113;0.000102;0.000096;0.000094;0.000090;0.000088;0.000081;0.000075;0.000069;0.000066;0.000062;0.000058;0.000054;0.000053;0.000047;0.000045;0.000040;0.000038;0.000036;0.000031;0.000028;0.000023;0.000018;0.000015;0.000012;0.000010;0.000006;0.000004;0.000000
00870;0.438280;0.088207;0.022191;0.020067;0.010102;0.008168;0.007425;0.006580;0.004909;0.004408;0.003963;0.003636;0.003446;0.003104;0.002944;0.002433;0.002190;0.002102;0.001938;0.001843;0.001822;0.001716;0.001602;0.001560;0.001483;0.001375;0.001310;0.001282;0.001208;0.001181;0.001178;0.001166;0.001132;0.001106;0.001086;0.001064;0.001045;0.001038;0.001026;0.001008;0.000983;0.000980;0.000963;0.000947;0.000941;0.000928;0.000913;0.000912;0.000901;0.000886;0.000882;0.000870;0.000866;0.000848;0.000833;0.000818;0.000818;0.000814;0.000811;0.000793;0.000789;0.000782;0.000777;0.000760;0.000755;0.000748;0.000737;0.000728;0.000717;0.000711;0.000706;0.000699;0.000692;0.000685;0.000679;0.000670;0.000663;0.000659;0.000647;0.000632;0.000631;0.000625;0.000614;0.000602;0.000599;0.000596;0.000591;0.000580;0.000571;0.000568;0.000555;0.000548;0.000543;0.000541;0.000531;0.000523;0.000519;0.000512;0.000504;0.000495;0.000491;0.000480;0.000476;0.000473;0.000467;0.000463;0.000455;0.000452;0.000447;0.000439;0.000431;0.000429;0.000423;0.000415;0.000409;0.000398;0.000392;0.000387;0.000376;0.000373;0.000368;0.000364;0.000357;0.000354;0.000349;0.000340;0.000339;0.000325;0.000320;0.000313;0.000309;0.000303;0.000299;0.000291;0.000289;0.000285;0.000278;0.000277;0.000269;0.000263;0.000262;0.000255;0.000251;0.000242;0.000241;0.000233;0.000230;0.000224;0.000218;0.000213;0.000207;0.000203;0.000196;0.000191;0.000191;0.000183;0.000183;0.000170;0.000168;0.000166;0.000159;0.000155;0.000151;0.000147;0.000140;0.000134;0.000128;0.000122;0.000119;0.000109;0.000104;0.000104;0.000100;0.000097;0.000094;0.000090;0.000083;0.000080;0.000076;0.000072;0.000068;0.000064;0.000057;0.000052;0.000051;0.000048;0.000045;0.000044;0.000039;0.000037;0.000030;0.000027;0.000024;0.000018;0.000014;0.000010;0.000009;0.000006;0.000004;0.000002
00880;0.438310;0.088216;0.022189;0.020063;0.010107;0.008165;0.007417;0.006588;0.004922;0.004395;0.003967;0.003648;0.003434;0.003105;0.002940;0.002435;0.002197;0.002101;0.001934;0.001861;0.001811;0.001728;0.001599;0.001551;0.001459;0.001371;0.001304;0.001265;0.001200;0.001188;0.001171;0.001160;0.001112;0.001094;0.001078;0.001063;0.001044;0.001032;0.001021;0.000999;0.000982;0.000968;0.000962;0.000950;0.000934;0.000920;0.000906;0.000898;0.000888;0.000880;0.000863;0.000861;0.000848;0.000844;0.000831;0.000829;0.000805;0.000802;0.000798;0.000789;0.000778;0.000773;0.000769;0.000760;0.000755;0.000744;0.000734;0.000722;0.000717;0.000710;0.000705;0.000697;0.000688;0.000679;0.000673;0.000670;0.000663;0.000649;0.000648;0.000643;0.000636;0.000624;0.000614;0.000610;0.000605;0.000590;0.000580;0.000574;0.000568;0.000564;0.000558;0.000555;0.000550;0.000541;0.000529;0.000525;0.000515;0.000513;0.000506;0.000500;0.000495;0.000482;0.000475;0.000467;0.000462;0.000460;0.000453;0.000446;0.000444;0.000438;0.000426;0.000422;0.000415;0.000409;0.000406;0.000398;0.000384;0.000378;0.000377;0.000373;0.000369;0.000360;0.000353;0.000344;0.000341;0.000340;0.000335;0.000328;0.000323;0.000319;0.000310;0.000309;0.000306;0.000296;0.000294;0.000284;0.000277;0.000276;0.000268;0.000261;0.000258;0.000254;0.000249;0.000241;0.000237;0.000233;0.000232;0.000223;0.000218;0.000213;0.000205;0.000201;0.000191;0.000189;0.000181;0.000178;0.000172;0.000171;0.000165;0.000158;0.000156;0.000152;0.000146;0.000144;0.000142;0.000133;0.000130;0.000126;0.000121;0.000119;0.000112;0.000107;0.000102;0.000099;0.000095;0.000088;0.000085;0.000077;0.000075;0.000071;0.000062;0.000059;0.000054;0.000053;0.000050;0.000045;0.000043;0.000041;0.000038;0.000036;0.000032;0.000026;0.000023;0.000021;0.000017;0.000013;0.000010;0.000008;0.000006;0.000001
00890;0.438352;0.088235;0.022194;0.020062;0.010104;0.008158;0.007416;0.006588;0.004923;0.004391;0.003957;0.003656;0.003450;0.003095;0.002938;0.002428;0.002202;0.002105;0.001940;0.001870;0.001820;0.001718;0.001595;0.001544;0.001459;0.001370;0.001316;0.001281;0.001209;0.001190;0.001178;0.001160;0.001128;0.001095;0.001074;0.001066;0.001060;0.001026;0.001017;0.001005;0.000966;0.000955;0.000951;0.000943;0.000935;0.000927;0.000905;0.000896;0.000884;0.000880;0.000875;0.000860;0.000853;0.000844;0.000832;0.000818;0.000813;0.000810;0.000798;0.000785;0.000777;0.000767;0.000763;0.000758;0.000745;0.000742;0.000734;0.000730;0.000728;0.000706;0.000700;0.000696;0.000690;0.000685;0.000677;0.000665;0.000659;0.000654;0.000639;0.000634;0.000626;0.000615;0.000602;0.000597;0.000591;0.000588;0.000578;0.000571;0.000560;0.000556;0.000549;0.000544;0.000529;0.000526;0.000518;0.000514;0.000511;0.000505;0.000496;0.000491;0.000482;0.000475;0.000472;0.000466;0.000464;0.000462;0.000448;0.000447;0.000444;0.000437;0.000423;0.000419;0.000411;0.000408;0.000405;0.000398;0.000389;0.000386;0.000377;0.000373;0.000361;0.000359;0.000356;0.000342;0.000342;0.000333;0.000330;0.000327;0.000323;0.000316;0.000311;0.000308;0.000301;0.000296;0.000286;0.000284;0.000275;0.000274;0.000267;0.000266;0.000255;0.000249;0.000247;0.000242;0.000239;0.000230;0.000222;0.000222;0.000217;0.000213;0.000210;0.000206;0.000194;0.000191;0.000183;0.000180;0.000174;0.000168;0.000161;0.000159;0.000158;0.000149;0.000147;0.000141;0.000138;0.000134;0.000130;0.000126;0.000123;0.000118;0.000113;0.000108;0.000103;0.000092;0.000086;0.000080;0.000079;0.000076;0.000072;0.000068;0.000065;0.000063;0.000058;0.000054;0.000049;0.000045;0.000043;0.000040;0.000035;0.000032;0.000028;0.000026;0.000021;0.000021;0.000017;0.000016;0.000013;0.000011;0.000006;0.000002
00900;0.438390;0.088236;0.022180;0.020064;0.010097;0.008170;0.007415;0.006584;0.004933;0.004404;0.003962;0.003646;0.003451;0.003090;0.002942;0.002426;0.002197;0.002112;0.001920;0.001872;0.001823;0.001717;0.001593;0.001549;0.001457;0.001352;0.001307;0.001268;0.001204;0.001176;0.001163;0.001144;0.001120;0.001101;0.001087;0.001060;0.001048;0.001025;0.001016;0.000992;0.000982;0.000954;0.000940;0.000935;0.000929;0.000918;0.000910;0.000900;0.000894;0.000883;0.000875;0.000862;0.000847;0.000836;0.000824;0.000817;0.000808;0.000805;0.000800;0.000782;0.000771;0.000766;0.000754;0.000752;0.000740;0.000733;0.000725;0.000713;0.000706;0.000702;0.000700;0.000692;0.000681;0.000679;0.000671;0.000662;0.000656;0.000649;0.000639;0.000630;0.000627;0.000612;0.000604;0.000598;0.000594;0.000587;0.000583;0.000573;0.000569;0.000556;0.000554;0.000549;0.000544;0.000525;0.000521;0.000508;0.000504;0.000504;0.000496;0.000487;0.000487;0.000479;0.000467;0.000465;0.000461;0.000457;0.000448;0.000439;0.000437;0.000425;0.000423;0.000417;0.000413;0.000405;0.000400;0.000396;0.000392;0.000387;0.000380;0.000371;0.000364;0.000363;0.000359;0.000347;0.000338;0.000333;0.000327;0.000319;0.000316;0.000312;0.000308;0.000302;0.000301;0.000296;0.000288;0.000284;0.000276;0.000271;0.000266;0.000259;0.000252;0.000244;0.000243;0.000239;0.000231;0.000224;0.000223;0.000219;0.000218;0.000209;0.000199;0.000196;0.000195;0.000187;0.000182;0.000181;0.000173;0.000171;0.000162;0.000157;0.000154;0.000151;0.000145;0.000143;0.000142;0.000135;0.000126;0.000123;0.000120;0.000114;0.000113;0.000106;0.000098;0.000094;0.000086;0.000084;0.000078;0.000075;0.000070;0.000069;0.000067;0.000059;0.000057;0.000053;0.000047;0.000047;0.000043;0.000040;0.000036;0.000033;0.000029;0.000026;0.000023;0.000016;0.000012;0.000010;0.000009;0.000007;0.000003;0.000001
00910;0.438429;0.088248;0.022181;0.020062;0.010095;0.008171;0.007421;0.006583;0.004920;0.004397;0.003966;0.003652;0.003449;0.003082;0.002935;0.002426;0.002207;0.002115;0.001924;0.001858;0.001812;0.001719;0.001582;0.001567;0.001455;0.001369;0.001290;0.001263;0.001199;0.001174;0.001171;0.001149;0.001105;0.001096;0.001073;0.001057;0.001051;0.001032;0.001024;0.000994;0.000971;0.000967;0.000947;0.000938;0.000926;0.000914;0.000913;0.000902;0.000896;0.000874;0.000861;0.000853;0.000844;0.000829;0.000826;0.000809;0.000805;0.000803;0.000792;0.000787;0.000769;0.000768;0.000757;0.000753;0.000745;0.000731;0.000721;0.000708;0.000707;0.000698;0.000688;0.000680;0.000676;0.000672;0.000665;0.000664;0.000652;0.000649;0.000641;0.000633;0.000628;0.000609;0.000603;0.000596;0.000595;0.000583;0.000573;0.000566;0.000562;0.000553;0.000549;0.000540;0.000534;0.000521;0.000519;0.000509;0.000505;0.000504;0.000487;0.000484;0.000480;0.000473;0.000470;0.000463;0.000456;0.000448;0.000444;0.000437;0.000434;0.000428;0.000423;0.000417;0.000409;0.000407;0.000397;0.000394;0.000393;0.000382;0.000372;0.000369;0.000363;0.000359;0.000352;0.000349;0.000344;0.000337;0.000327;0.000323;0.000322;0.000316;0.000311;0.000303;0.000300;0.000294;0.000288;0.000282;0.000273;0.000271;0.000263;0.000260;0.000254;0.000246;0.000244;0.000236;0.000229;0.000225;0.000216;0.000216;0.000211;0.000207;0.000202;0.000193;0.000189;0.000186;0.000181;0.000178;0.000172;0.000171;0.000164;0.000159;0.000156;0.000148;0.000147;0.000144;0.000137;0.000135;0.000130;0.000128;0.000126;0.000115;0.000114;0.000105;0.000103;0.000096;0.000092;0.000089;0.000083;0.000078;0.000072;0.000069;0.000068;0.000062;0.000059;0.000054;0.000050;0.000046;0.000044;0.000039;0.000036;0.000032;0.000027;0.000025;0.000021;0.000018;0.000015;0.000014;0.000010;0.000007;0.000002;0.000001
00920;0.438470;0.088258;0.022177;0.020065;0.010098;0.008161;0.007419;0.006593;0.004910;0.004397;0.003960;0.003645;0.003447;0.003079;0.002938;0.002415;0.002208;0.002098;0.001917;0.001862;0.001812;0.001712;0.001577;0.001557;0.001453;0.001358;0.001290;0.001255;0.001195;0.001168;0.001159;0.001136;0.001106;0.001101;0.001074;0.001053;0.001038;0.001025;0.001013;0.000986;0.000968;0.000956;0.000941;0.000935;0.000924;0.000917;0.000914;0.000901;0.000886;0.000870;0.000859;0.000852;0.000829;0.000826;0.000819;0.000808;0.000798;0.000793;0.000788;0.000774;0.000768;0.000760;0.000754;0.000740;0.000735;0.000724;0.000718;0.000711;0.000706;0.000697;0.000694;0.000681;0.000678;0.000667;0.000662;0.000657;0.000656;0.000646;0.000637;0.000632;0.000627;0.000615;0.000609;0.000597;0.000592;0.000586;0.000579;0.000573;0.000565;0.000555;0.000548;0.000543;0.000531;0.000522;0.000518;0.000506;0.000505;0.000499;0.000494;0.000487;0.000473;0.000472;0.000461;0.000460;0.000453;0.000447;0.000439;0.000437;0.000435;0.000426;0.000419;0.000418;0.000413;0.000402;0.000401;0.000397;0.000391;0.000386;0.000379;0.000370;0.000365;0.000356;0.000354;0.000352;0.000343;0.000330;0.000325;0.000322;0.000319;0.000314;0.000309;0.000302;0.000299;0.000295;0.000290;0.000285;0.000275;0.000269;0.000261;0.000259;0.000252;0.000248;0.000244;0.000237;0.000233;0.000230;0.000222;0.000214;0.000213;0.000209;0.000207;0.000198;0.000196;0.000187;0.000181;0.000180;0.000175;0.000166;0.000164;0.000159;0.000156;0.000151;0.000145;0.000141;0.000138;0.000137;0.000130;0.000123;0.000121;0.000115;0.000105;0.000105;0.000101;0.000094;0.000093;0.000087;0.000081;0.000077;0.000074;0.000068;0.000066;0.000058;0.000056;0.000056;0.000048;0.000044;0.000042;0.000039;0.000034;0.000029;0.000028;0.000027;0.000024;0.000021;0.000017;0.000014;0.000011;0.000005;0.000003;0.000001
00930;0.438532;0.088269;0.022180;0.020063;0.010098;0.008160;0.007422;0.006589;0.004912;0.004394;0.003971;0.003637;0.003449;0.003077;0.002938;0.002424;0.002202;0.002111;0.001917;0.001868;0.001809;0.001692;0.001577;0.001540;0.001444;0.001348;0.001283;0.001254;0.001189;0.001166;0.001161;0.001132;0.001107;0.001097;0.001058;0.001046;0.001033;0.001022;0.001005;0.000987;0.000965;0.000953;0.000941;0.000928;0.000919;0.000904;0.000902;0.000894;0.000873;0.000871;0.000856;0.000846;0.000839;0.000822;0.000813;0.000801;0.000798;0.000786;0.000784;0.000772;0.000765;0.000756;0.000746;0.000744;0.000739;0.000728;0.000722;0.000712;0.000709;0.000702;0.000693;0.000684;0.000671;0.000666;0.000661;0.000655;0.000653;0.000643;0.000637;0.000624;0.000619;0.000611;0.000610;0.000601;0.000592;0.000573;0.000570;0.000564;0.000556;0.000555;0.000541;0.000533;0.000525;0.000520;0.000517;0.000508;0.000502;0.000497;0.000492;0.000487;0.000482;0.000472;0.000465;0.000464;0.000456;0.000446;0.000435;0.000432;0.000430;0.000425;0.000418;0.000416;0.000410;0.000403;0.000396;0.000390;0.000384;0.000381;0.000374;0.000371;0.000365;0.000353;0.000349;0.000345;0.000340;0.000337;0.000328;0.000320;0.000315;0.000312;0.000308;0.000300;0.000292;0.000289;0.000283;0.000278;0.000277;0.000275;0.000266;0.000263;0.000255;0.000254;0.000248;0.000237;0.000231;0.000229;0.000223;0.000221;0.000217;0.000210;0.000206;0.000200;0.000190;0.000186;0.000183;0.000180;0.000172;0.000165;0.000161;0.000160;0.000154;0.000151;0.000144;0.000143;0.000136;0.000134;0.000121;0.000119;0.000116;0.000110;0.000107;0.000104;0.000097;0.000094;0.000085;0.000083;0.000075;0.000073;0.000070;0.000065;0.000057;0.000056;0.000054;0.000053;0.000048;0.000046;0.000039;0.000035;0.000034;0.000030;0.000029;0.000026;0.000023;0.000017;0.000015;0.000012;0.000007;0.000006;0.000004;0.000003
00940;0.438566;0.088265;0.022181;0.020063;0.010107;0.008163;0.007434;0.006588;0.004921;0.004393;0.003961;0.003651;0.003446;0.003076;0.002920;0.002424;0.002202;0.002108;0.001909;0.001867;0.001804;0.001679;0.001577;0.001541;0.001441;0.001347;0.001276;0.001265;0.001176;0.001156;0.001150;0.001117;0.001102;0.001087;0.001053;0.001043;0.001025;0.001018;0.000996;0.000974;0.000956;0.000942;0.000937;0.000931;0.000909;0.000907;0.000892;0.000889;0.000872;0.000857;0.000849;0.000842;0.000835;0.000827;0.000807;0.000803;0.000792;0.000785;0.000780;0.000771;0.000762;0.000752;0.000746;0.000734;0.000729;0.000720;0.000713;0.000709;0.000698;0.000691;0.000688;0.000677;0.000667;0.000658;0.000654;0.000650;0.000645;0.000641;0.000629;0.000623;0.000622;0.000617;0.000605;0.000590;0.000584;0.000565;0.000559;0.000557;0.000552;0.000547;0.000545;0.000537;0.000527;0.000525;0.000507;0.000505;0.000490;0.000486;0.000483;0.000472;0.000470;0.000469;0.000464;0.000454;0.000448;0.000441;0.000438;0.000430;0.000427;0.000422;0.000415;0.000409;0.000402;0.000398;0.000396;0.000392;0.000386;0.000377;0.000371;0.000370;0.000363;0.000353;0.000348;0.000346;0.000335;0.000330;0.000321;0.000318;0.000314;0.000312;0.000303;0.000298;0.000297;0.000291;0.000286;0.000281;0.000275;0.000267;0.000264;0.000258;0.000251;0.000250;0.000238;0.000233;0.000229;0.000227;0.000221;0.000217;0.000212;0.000209;0.000205;0.000201;0.000192;0.000187;0.000181;0.000179;0.000172;0.000168;0.000163;0.000157;0.000151;0.000146;0.000145;0.000141;0.000134;0.000132;0.000128;0.000122;0.000115;0.000111;0.000102;0.000099;0.000099;0.000094;0.000093;0.000090;0.000084;0.000077;0.000076;0.000072;0.000065;0.000058;0.000054;0.000054;0.000048;0.000045;0.000042;0.000038;0.000031;0.000030;0.000030;0.000026;0.000024;0.000022;0.000019;0.000015;0.000011;0.000009;0.000005;0.000000
00950;0.438599;0.088274;0.022182;0.020058;0.010105;0.008168;0.007432;0.006589;0.004913;0.004393;0.003963;0.003659;0.003444;0.003080;0.002923;0.002412;0.002203;0.002110;0.001906;0.001871;0.001795;0.001693;0.001579;0.001539;0.001450;0.001362;0.001268;0.001261;0.001184;0.001161;0.001148;0.001118;0.001109;0.001086;0.001050;0.001040;0.001023;0.001003;0.000988;0.000975;0.000954;0.000939;0.000936;0.000923;0.000911;0.000898;0.000884;0.000879;0.000870;0.000864;0.000850;0.000844;0.000836;0.000814;0.000805;0.000796;0.000793;0.000786;0.000777;0.000767;0.000761;0.000750;0.000744;0.000737;0.000728;0.000723;0.000714;0.000697;0.000693;0.000678;0.000677;0.000671;0.000661;0.000656;0.000652;0.000650;0.000632;0.000629;0.000625;0.000614;0.000613;0.000612;0.000597;0.000585;0.000582;0.000576;0.000559;0.000558;0.000552;0.000545;0.000540;0.000537;0.000529;0.000522;0.000508;0.000500;0.000494;0.000486;0.000478;0.000476;0.000472;0.000466;0.000461;0.000456;0.000442;0.000436;0.000429;0.000425;0.000423;0.000415;0.000414;0.000411;0.000407;0.000397;0.000392;0.000388;0.000379;0.000374;0.000369;0.000360;0.000351;0.000348;0.000344;0.000337;0.000337;0.000328;0.000327;0.000319;0.000312;0.000302;0.000296;0.000291;0.000289;0.000288;0.000282;0.000280;0.000276;0.000267;0.000259;0.000258;0.000255;0.000243;0.000239;0.000235;0.000233;0.000228;0.000220;0.000218;0.000215;0.000204;0.000202;0.000194;0.000190;0.000190;0.000180;0.000173;0.000169;0.000167;0.000162;0.000156;0.000152;0.000143;0.000142;0.000138;0.000137;0.000130;0.000124;0.000117;0.000116;0.000112;0.000109;0.000105;0.000099;0.000094;0.000089;0.000084;0.000080;0.000077;0.000074;0.000069;0.000067;0.000061;0.000058;0.000056;0.000052;0.000049;0.000048;0.000041;0.000038;0.000035;0.000032;0.000031;0.000021;0.000021;0.000014;0.000012;0.000010;0.000007;0.000003;0.000000
